0.000000000000000000e+00 -7.000000000000000666e-02
1.000000000000000082e-05 -6.981969999999999843e-02
2.000000000000000164e-05 -6.968250000000000832e-02
2.999999999999999737e-05 -6.956339999999999746e-02
4.000000000000000327e-05 -6.945560000000000622e-02
5.000000000000000240e-05 -6.935590000000001198e-02
5.999999999999999474e-05 -6.926240000000000174e-02
7.000000000000000742e-05 -6.917389999999999650e-02
8.000000000000000654e-05 -6.908949999999999814e-02
8.999999999999999212e-05 -6.900870000000000615e-02
1.000000000000000048e-04 -6.893089999999998940e-02
1.100000000000000039e-04 -6.885569999999999191e-02
1.199999999999999895e-04 -6.878289999999999405e-02
1.300000000000000157e-04 -6.871230000000000393e-02
1.400000000000000148e-04 -6.864349999999999619e-02
1.499999999999999869e-04 -6.857649999999999857e-02
1.600000000000000131e-04 -6.851110000000000533e-02
1.700000000000000122e-04 -6.844719999999999971e-02
1.799999999999999842e-04 -6.838460000000000372e-02
1.900000000000000105e-04 -6.832330000000000347e-02
2.000000000000000096e-04 -6.826319999999999610e-02
2.099999999999999816e-04 -6.820410000000000361e-02
2.200000000000000078e-04 -6.814610000000000112e-02
2.300000000000000070e-04 -6.808909999999999962e-02
2.399999999999999790e-04 -6.803289999999999338e-02
2.500000000000000052e-04 -6.797759999999999914e-02
2.600000000000000314e-04 -6.792310000000000014e-02
2.700000000000000035e-04 -6.786939999999999640e-02
2.800000000000000297e-04 -6.781639999999999890e-02
2.900000000000000017e-04 -6.776409999999999378e-02
2.999999999999999737e-04 -6.771250000000000879e-02
3.099999999999999999e-04 -6.766139999999999655e-02
3.200000000000000262e-04 -6.761100000000000443e-02
3.299999999999999982e-04 -6.756120000000000181e-02
3.400000000000000244e-04 -6.751189999999999969e-02
3.499999999999999964e-04 -6.746309999999999807e-02
3.599999999999999685e-04 -6.741479999999999695e-02
3.699999999999999947e-04 -6.736700000000001021e-02
3.800000000000000209e-04 -6.731959999999999333e-02
3.899999999999999929e-04 -6.727280000000000759e-02
4.000000000000000192e-04 -6.722629999999998884e-02
4.099999999999999912e-04 -6.718019999999999547e-02
4.199999999999999632e-04 -6.713460000000000261e-02
4.299999999999999894e-04 -6.708929999999999061e-02
4.400000000000000157e-04 -6.704439999999999011e-02
4.499999999999999877e-04 -6.699990000000000112e-02
4.600000000000000139e-04 -6.695569999999999300e-02
4.699999999999999859e-04 -6.691179999999999350e-02
4.799999999999999580e-04 -6.686830000000000551e-02
4.899999999999999842e-04 -6.682510000000001227e-02
5.000000000000000104e-04 -6.678219999999999990e-02
5.100000000000000366e-04 -6.673959999999999615e-02
5.200000000000000629e-04 -6.669719999999999815e-02
5.299999999999999807e-04 -6.665519999999999778e-02
5.400000000000000069e-04 -6.661340000000000316e-02
5.500000000000000331e-04 -6.657190000000000329e-02
5.600000000000000594e-04 -6.653069999999999817e-02
5.699999999999999772e-04 -6.648969999999999880e-02
5.800000000000000034e-04 -6.644889999999999131e-02
5.899999999999999212e-04 -6.640840000000000631e-02
5.999999999999999474e-04 -6.636809999999999932e-02
6.099999999999999737e-04 -6.632799999999999807e-02
6.199999999999999999e-04 -6.628820000000000545e-02
6.300000000000000261e-04 -6.624850000000000183e-02
6.400000000000000524e-04 -6.620910000000000684e-02
6.499999999999999702e-04 -6.616990000000000371e-02
6.599999999999999964e-04 -6.613079999999998959e-02
6.700000000000000226e-04 -6.609199999999999797e-02
6.800000000000000488e-04 -6.605329999999999535e-02
6.899999999999999667e-04 -6.601490000000000136e-02
6.999999999999999929e-04 -6.597660000000001024e-02
7.099999999999999107e-04 -6.593850000000001099e-02
7.199999999999999369e-04 -6.590050000000000074e-02
7.299999999999999632e-04 -6.586279999999999912e-02
7.399999999999999894e-04 -6.582520000000000038e-02
7.500000000000000156e-04 -6.578770000000000451e-02
7.600000000000000418e-04 -6.575040000000000051e-02
7.700000000000000681e-04 -6.571330000000000227e-02
7.799999999999999859e-04 -6.567629999999999302e-02
7.900000000000000121e-04 -6.563950000000000340e-02
8.000000000000000383e-04 -6.560280000000000278e-02
8.100000000000000646e-04 -6.556619999999999115e-02
8.199999999999999824e-04 -6.552979999999999916e-02
8.300000000000000086e-04 -6.549349999999999616e-02
8.399999999999999264e-04 -6.545730000000000992e-02
8.499999999999999526e-04 -6.542130000000000167e-02
8.599999999999999789e-04 -6.538540000000001018e-02
8.700000000000000051e-04 -6.534959999999999380e-02
8.800000000000000313e-04 -6.531399999999999706e-02
8.900000000000000576e-04 -6.527849999999998931e-02
8.999999999999999754e-04 -6.524299999999999544e-02
9.100000000000000016e-04 -6.520770000000000732e-02
9.200000000000000278e-04 -6.517259999999999720e-02
9.300000000000000541e-04 -6.513750000000000095e-02
9.399999999999999719e-04 -6.510250000000000759e-02
9.499999999999999981e-04 -6.506760000000000321e-02
9.599999999999999159e-04 -6.503290000000000459e-02
9.699999999999999421e-04 -6.499819999999999209e-02
9.799999999999999684e-04 -6.496369999999999922e-02
9.899999999999999946e-04 -6.492919999999999248e-02
1.000000000000000021e-03 -6.489480000000000248e-02
1.010000000000000047e-03 -6.486060000000000436e-02
1.020000000000000073e-03 -6.482640000000000624e-02
1.030000000000000100e-03 -6.479229999999999712e-02
1.040000000000000126e-03 -6.475830000000000475e-02
1.050000000000000152e-03 -6.472440000000000138e-02
1.059999999999999961e-03 -6.469060000000000088e-02
1.069999999999999988e-03 -6.465680000000000038e-02
1.080000000000000014e-03 -6.462319999999999176e-02
1.090000000000000040e-03 -6.458960000000001089e-02
1.100000000000000066e-03 -6.455610000000000515e-02
1.110000000000000092e-03 -6.452270000000000227e-02
1.120000000000000119e-03 -6.448929999999999940e-02
1.129999999999999928e-03 -6.445610000000000228e-02
1.139999999999999954e-03 -6.442290000000000516e-02
1.149999999999999981e-03 -6.438979999999999704e-02
1.160000000000000007e-03 -6.435670000000000279e-02
1.170000000000000033e-03 -6.432380000000000042e-02
1.179999999999999842e-03 -6.429089999999999805e-02
1.189999999999999869e-03 -6.425799999999999568e-02
1.199999999999999895e-03 -6.422529999999999906e-02
1.209999999999999921e-03 -6.419260000000000244e-02
1.219999999999999947e-03 -6.415989999999999194e-02
1.229999999999999974e-03 -6.412740000000000107e-02
1.240000000000000000e-03 -6.409489999999999632e-02
1.250000000000000026e-03 -6.406239999999999157e-02
1.260000000000000052e-03 -6.403010000000000645e-02
1.270000000000000078e-03 -6.399770000000000458e-02
1.280000000000000105e-03 -6.396549999999999458e-02
1.290000000000000131e-03 -6.393329999999999846e-02
1.299999999999999940e-03 -6.390110000000000234e-02
1.309999999999999967e-03 -6.386909999999999810e-02
1.319999999999999993e-03 -6.383700000000000485e-02
1.330000000000000019e-03 -6.380500000000000060e-02
1.340000000000000045e-03 -6.377309999999999923e-02
1.350000000000000071e-03 -6.374130000000000074e-02
1.360000000000000098e-03 -6.370939999999999936e-02
1.370000000000000124e-03 -6.367770000000000374e-02
1.379999999999999933e-03 -6.364599999999999425e-02
1.389999999999999960e-03 -6.361429999999999862e-02
1.399999999999999986e-03 -6.358270000000000588e-02
1.410000000000000012e-03 -6.355109999999999926e-02
1.419999999999999821e-03 -6.351959999999999551e-02
1.429999999999999848e-03 -6.348819999999999464e-02
1.439999999999999874e-03 -6.345680000000000764e-02
1.449999999999999900e-03 -6.342540000000000677e-02
1.459999999999999926e-03 -6.339409999999999490e-02
1.469999999999999953e-03 -6.336279999999999690e-02
1.479999999999999979e-03 -6.333149999999999891e-02
1.490000000000000005e-03 -6.330030000000000379e-02
1.500000000000000031e-03 -6.326919999999999766e-02
1.510000000000000057e-03 -6.323810000000000542e-02
1.520000000000000084e-03 -6.320699999999999930e-02
1.530000000000000110e-03 -6.317599999999999605e-02
1.540000000000000136e-03 -6.314500000000000668e-02
1.549999999999999946e-03 -6.311410000000000631e-02
1.559999999999999972e-03 -6.308319999999999206e-02
1.569999999999999998e-03 -6.305230000000000556e-02
1.580000000000000024e-03 -6.302150000000000807e-02
1.590000000000000050e-03 -6.299069999999999669e-02
1.600000000000000077e-03 -6.296000000000000207e-02
1.610000000000000103e-03 -6.292929999999999358e-02
1.620000000000000129e-03 -6.289859999999999896e-02
1.629999999999999939e-03 -6.286800000000000721e-02
1.639999999999999965e-03 -6.283740000000000159e-02
1.649999999999999991e-03 -6.280679999999999596e-02
1.660000000000000017e-03 -6.277629999999999322e-02
1.669999999999999827e-03 -6.274580000000000435e-02
1.679999999999999853e-03 -6.271530000000000160e-02
1.689999999999999879e-03 -6.268490000000000173e-02
1.699999999999999905e-03 -6.265450000000000186e-02
1.709999999999999932e-03 -6.262420000000000486e-02
1.719999999999999958e-03 -6.259380000000000499e-02
1.729999999999999984e-03 -6.256359999999999699e-02
1.740000000000000010e-03 -6.253330000000000000e-02
1.750000000000000036e-03 -6.250310000000000588e-02
1.760000000000000063e-03 -6.247290000000000482e-02
1.770000000000000089e-03 -6.244270000000000376e-02
1.780000000000000115e-03 -6.241259999999999863e-02
1.790000000000000141e-03 -6.238250000000000045e-02
1.799999999999999951e-03 -6.235240000000000227e-02
1.809999999999999977e-03 -6.232240000000000002e-02
1.820000000000000003e-03 -6.229239999999999777e-02
1.830000000000000029e-03 -6.226240000000000246e-02
1.840000000000000056e-03 -6.223240000000000022e-02
1.850000000000000082e-03 -6.220250000000000085e-02
1.860000000000000108e-03 -6.217260000000000147e-02
1.870000000000000134e-03 -6.214279999999999804e-02
1.879999999999999944e-03 -6.211290000000000561e-02
1.889999999999999970e-03 -6.208310000000000217e-02
1.899999999999999996e-03 -6.205329999999999874e-02
1.910000000000000022e-03 -6.202360000000000512e-02
1.919999999999999832e-03 -6.199389999999999762e-02
1.929999999999999858e-03 -6.196419999999999706e-02
1.939999999999999884e-03 -6.193449999999999650e-02
1.949999999999999910e-03 -6.190489999999999882e-02
1.959999999999999937e-03 -6.187519999999999826e-02
1.969999999999999963e-03 -6.184570000000000345e-02
1.979999999999999989e-03 -6.181609999999999883e-02
1.990000000000000015e-03 -6.178659999999999708e-02
2.000000000000000042e-03 -6.175710000000000227e-02
2.009999999999999634e-03 -6.172760000000000052e-02
2.020000000000000094e-03 -6.169809999999999878e-02
2.029999999999999687e-03 -6.166869999999999991e-02
2.040000000000000147e-03 -6.163930000000000103e-02
2.049999999999999739e-03 -6.160990000000000216e-02
2.060000000000000199e-03 -6.158050000000000329e-02
2.069999999999999792e-03 -6.155120000000000036e-02
2.080000000000000251e-03 -6.152190000000000436e-02
2.089999999999999844e-03 -6.149260000000000143e-02
2.100000000000000304e-03 -6.146329999999999849e-02
2.109999999999999896e-03 -6.143409999999999843e-02
2.119999999999999923e-03 -6.140489999999999837e-02
2.129999999999999949e-03 -6.137570000000000525e-02
2.139999999999999975e-03 -6.134660000000000113e-02
2.150000000000000001e-03 -6.131740000000000107e-02
2.160000000000000028e-03 -6.128829999999999695e-02
2.170000000000000054e-03 -6.125919999999999976e-02
2.180000000000000080e-03 -6.123010000000000258e-02
2.190000000000000106e-03 -6.120109999999999439e-02
2.200000000000000133e-03 -6.117210000000000009e-02
2.210000000000000159e-03 -6.114309999999999884e-02
2.220000000000000185e-03 -6.111409999999999759e-02
2.229999999999999778e-03 -6.108519999999999922e-02
2.240000000000000237e-03 -6.105619999999999797e-02
2.249999999999999830e-03 -6.102729999999999960e-02
2.259999999999999856e-03 -6.099849999999999717e-02
2.269999999999999882e-03 -6.096959999999999880e-02
2.279999999999999909e-03 -6.094080000000000330e-02
2.289999999999999935e-03 -6.091200000000000087e-02
2.299999999999999961e-03 -6.088320000000000537e-02
2.309999999999999987e-03 -6.085439999999999600e-02
2.320000000000000014e-03 -6.082569999999999644e-02
2.330000000000000040e-03 -6.079690000000000094e-02
2.340000000000000066e-03 -6.076820000000000138e-02
2.350000000000000092e-03 -6.073960000000000470e-02
2.359999999999999685e-03 -6.071090000000000514e-02
2.370000000000000145e-03 -6.068229999999999458e-02
2.379999999999999737e-03 -6.065369999999999789e-02
2.390000000000000197e-03 -6.062510000000000121e-02
2.399999999999999790e-03 -6.059649999999999759e-02
2.410000000000000250e-03 -6.056799999999999684e-02
2.419999999999999842e-03 -6.053949999999999609e-02
2.430000000000000302e-03 -6.051100000000000229e-02
2.439999999999999895e-03 -6.048250000000000154e-02
2.450000000000000355e-03 -6.045400000000000079e-02
2.459999999999999947e-03 -6.042560000000000292e-02
2.470000000000000407e-03 -6.039719999999999811e-02
2.480000000000000000e-03 -6.036880000000000024e-02
2.490000000000000026e-03 -6.034049999999999830e-02
2.500000000000000052e-03 -6.031210000000000043e-02
2.509999999999999645e-03 -6.028379999999999850e-02
2.520000000000000104e-03 -6.025549999999999656e-02
2.529999999999999697e-03 -6.022720000000000157e-02
2.540000000000000157e-03 -6.019899999999999557e-02
2.549999999999999750e-03 -6.017069999999999363e-02
2.560000000000000209e-03 -6.014250000000000151e-02
2.569999999999999802e-03 -6.011440000000000533e-02
2.580000000000000262e-03 -6.008619999999999933e-02
2.589999999999999854e-03 -6.005810000000000315e-02
2.599999999999999881e-03 -6.002989999999999715e-02
2.609999999999999907e-03 -6.000180000000000097e-02
2.619999999999999933e-03 -5.997379999999999378e-02
2.629999999999999959e-03 -5.994570000000000454e-02
2.639999999999999986e-03 -5.991770000000000429e-02
2.650000000000000012e-03 -5.988969999999999710e-02
2.660000000000000038e-03 -5.986169999999999686e-02
2.670000000000000064e-03 -5.983379999999999949e-02
2.680000000000000090e-03 -5.980579999999999924e-02
2.690000000000000117e-03 -5.977790000000000187e-02
2.700000000000000143e-03 -5.974999999999999756e-02
2.710000000000000169e-03 -5.972210000000000019e-02
2.720000000000000195e-03 -5.969429999999999875e-02
2.729999999999999788e-03 -5.966649999999999732e-02
2.740000000000000248e-03 -5.963870000000000282e-02
2.749999999999999840e-03 -5.961090000000000139e-02
2.759999999999999867e-03 -5.958319999999999589e-02
2.769999999999999893e-03 -5.955540000000000139e-02
2.779999999999999919e-03 -5.952770000000000283e-02
2.789999999999999945e-03 -5.949999999999999734e-02
2.799999999999999972e-03 -5.947240000000000165e-02
2.809999999999999998e-03 -5.944469999999999615e-02
2.820000000000000024e-03 -5.941710000000000047e-02
2.830000000000000050e-03 -5.938949999999999785e-02
2.839999999999999643e-03 -5.936200000000000504e-02
2.850000000000000103e-03 -5.933440000000000242e-02
2.859999999999999695e-03 -5.930689999999999573e-02
2.870000000000000155e-03 -5.927940000000000292e-02
2.879999999999999748e-03 -5.925189999999999624e-02
2.890000000000000208e-03 -5.922449999999999937e-02
2.899999999999999800e-03 -5.919709999999999556e-02
2.910000000000000260e-03 -5.916969999999999869e-02
2.919999999999999853e-03 -5.914230000000000181e-02
2.930000000000000313e-03 -5.911500000000000088e-02
2.939999999999999905e-03 -5.908760000000000401e-02
2.950000000000000365e-03 -5.906029999999999613e-02
2.959999999999999958e-03 -5.903300000000000214e-02
2.969999999999999984e-03 -5.900580000000000408e-02
2.980000000000000010e-03 -5.897859999999999908e-02
2.990000000000000036e-03 -5.895140000000000102e-02
3.000000000000000062e-03 -5.892419999999999602e-02
3.009999999999999655e-03 -5.889699999999999797e-02
3.020000000000000115e-03 -5.886990000000000278e-02
3.029999999999999707e-03 -5.884279999999999372e-02
3.040000000000000167e-03 -5.881569999999999854e-02
3.049999999999999760e-03 -5.878860000000000335e-02
3.060000000000000220e-03 -5.876160000000000411e-02
3.069999999999999812e-03 -5.873459999999999792e-02
3.080000000000000272e-03 -5.870759999999999867e-02
3.089999999999999865e-03 -5.868070000000000230e-02
3.099999999999999891e-03 -5.865370000000000306e-02
3.109999999999999917e-03 -5.862679999999999975e-02
3.119999999999999944e-03 -5.859999999999999931e-02
3.129999999999999970e-03 -5.857309999999999600e-02
3.139999999999999996e-03 -5.854630000000000251e-02
3.150000000000000022e-03 -5.851950000000000207e-02
3.160000000000000048e-03 -5.849270000000000164e-02
3.170000000000000075e-03 -5.846590000000000120e-02
3.180000000000000101e-03 -5.843919999999999670e-02
3.190000000000000127e-03 -5.841249999999999915e-02
3.200000000000000153e-03 -5.838580000000000159e-02
3.210000000000000180e-03 -5.835919999999999996e-02
3.220000000000000206e-03 -5.833250000000000240e-02
3.229999999999999798e-03 -5.830590000000000078e-02
3.240000000000000258e-03 -5.827940000000000204e-02
3.249999999999999851e-03 -5.825280000000000041e-02
3.259999999999999877e-03 -5.822630000000000167e-02
3.269999999999999903e-03 -5.819980000000000292e-02
3.279999999999999930e-03 -5.817329999999999723e-02
3.289999999999999956e-03 -5.814690000000000136e-02
3.299999999999999982e-03 -5.812049999999999855e-02
3.310000000000000008e-03 -5.809409999999999574e-02
3.320000000000000034e-03 -5.806769999999999987e-02
3.330000000000000061e-03 -5.804129999999999706e-02
3.339999999999999653e-03 -5.801499999999999713e-02
3.350000000000000113e-03 -5.798870000000000413e-02
3.359999999999999706e-03 -5.796250000000000013e-02
3.370000000000000166e-03 -5.793620000000000020e-02
3.379999999999999758e-03 -5.790999999999999620e-02
3.390000000000000218e-03 -5.788379999999999914e-02
3.399999999999999811e-03 -5.785759999999999514e-02
3.410000000000000270e-03 -5.783150000000000096e-02
3.419999999999999863e-03 -5.780539999999999984e-02
3.430000000000000323e-03 -5.777929999999999872e-02
3.439999999999999915e-03 -5.775319999999999759e-02
3.450000000000000375e-03 -5.772720000000000629e-02
3.459999999999999968e-03 -5.770120000000000110e-02
3.469999999999999994e-03 -5.767519999999999591e-02
3.480000000000000020e-03 -5.764919999999999767e-02
3.490000000000000047e-03 -5.762330000000000230e-02
3.500000000000000073e-03 -5.759729999999999711e-02
3.509999999999999665e-03 -5.757139999999999480e-02
3.520000000000000125e-03 -5.754560000000000231e-02
3.529999999999999718e-03 -5.751970000000000000e-02
3.540000000000000178e-03 -5.749389999999999362e-02
3.549999999999999770e-03 -5.746810000000000113e-02
3.560000000000000230e-03 -5.744230000000000169e-02
3.569999999999999823e-03 -5.741650000000000226e-02
3.580000000000000283e-03 -5.739079999999999876e-02
3.589999999999999875e-03 -5.736509999999999526e-02
3.599999999999999901e-03 -5.733939999999999870e-02
3.609999999999999928e-03 -5.731369999999999520e-02
3.619999999999999954e-03 -5.728810000000000152e-02
3.629999999999999980e-03 -5.726239999999999802e-02
3.640000000000000006e-03 -5.723680000000000434e-02
3.650000000000000033e-03 -5.721119999999999678e-02
3.660000000000000059e-03 -5.718569999999999903e-02
3.670000000000000085e-03 -5.716009999999999841e-02
3.680000000000000111e-03 -5.713450000000000473e-02
3.690000000000000138e-03 -5.710900000000000004e-02
3.700000000000000164e-03 -5.708350000000000229e-02
3.709999999999999756e-03 -5.705799999999999761e-02
3.720000000000000216e-03 -5.703249999999999986e-02
3.729999999999999809e-03 -5.700709999999999805e-02
3.740000000000000269e-03 -5.698160000000000031e-02
3.749999999999999861e-03 -5.695620000000000543e-02
3.759999999999999887e-03 -5.693079999999999669e-02
3.769999999999999914e-03 -5.690540000000000181e-02
3.779999999999999940e-03 -5.688000000000000000e-02
3.789999999999999966e-03 -5.685459999999999819e-02
3.799999999999999992e-03 -5.682920000000000332e-02
3.810000000000000019e-03 -5.680380000000000151e-02
3.820000000000000045e-03 -5.677839999999999970e-02
3.830000000000000071e-03 -5.675299999999999789e-02
3.839999999999999664e-03 -5.672769999999999896e-02
3.850000000000000124e-03 -5.670230000000000409e-02
3.859999999999999716e-03 -5.667690000000000228e-02
3.870000000000000176e-03 -5.665160000000000334e-02
3.879999999999999769e-03 -5.662619999999999459e-02
3.890000000000000228e-03 -5.660079999999999972e-02
3.899999999999999821e-03 -5.657550000000000079e-02
3.910000000000000281e-03 -5.655009999999999898e-02
3.919999999999999873e-03 -5.652470000000000411e-02
3.930000000000000333e-03 -5.649929999999999536e-02
3.939999999999999926e-03 -5.647379999999999761e-02
3.950000000000000386e-03 -5.644840000000000274e-02
3.959999999999999978e-03 -5.642289999999999806e-02
3.970000000000000438e-03 -5.639750000000000318e-02
3.980000000000000031e-03 -5.637199999999999850e-02
3.990000000000000491e-03 -5.634640000000000482e-02
4.000000000000000083e-03 -5.632090000000000013e-02
4.009999999999999676e-03 -5.629529999999999951e-02
4.019999999999999268e-03 -5.626959999999999601e-02
4.030000000000000596e-03 -5.624400000000000233e-02
4.040000000000000188e-03 -5.621829999999999883e-02
4.049999999999999781e-03 -5.619249999999999939e-02
4.059999999999999373e-03 -5.616669999999999996e-02
4.070000000000000701e-03 -5.614079999999999765e-02
4.080000000000000293e-03 -5.611489999999999534e-02
4.089999999999999886e-03 -5.608890000000000403e-02
4.099999999999999478e-03 -5.606280000000000291e-02
4.109999999999999938e-03 -5.603670000000000179e-02
4.120000000000000398e-03 -5.601049999999999779e-02
4.129999999999999991e-03 -5.598409999999999498e-02
4.139999999999999583e-03 -5.595770000000000605e-02
4.150000000000000043e-03 -5.593120000000000036e-02
4.160000000000000503e-03 -5.590459999999999874e-02
4.170000000000000095e-03 -5.587779999999999830e-02
4.179999999999999688e-03 -5.585099999999999787e-02
4.190000000000000148e-03 -5.582399999999999862e-02
4.200000000000000608e-03 -5.579680000000000056e-02
4.210000000000000200e-03 -5.576949999999999963e-02
4.219999999999999793e-03 -5.574199999999999988e-02
4.230000000000000253e-03 -5.571430000000000132e-02
4.239999999999999845e-03 -5.568649999999999989e-02
4.250000000000000305e-03 -5.565840000000000370e-02
4.259999999999999898e-03 -5.563010000000000177e-02
4.269999999999999490e-03 -5.560160000000000102e-02
4.279999999999999950e-03 -5.557279999999999859e-02
4.290000000000000410e-03 -5.554370000000000140e-02
4.300000000000000003e-03 -5.551429999999999559e-02
4.309999999999999595e-03 -5.548460000000000197e-02
4.320000000000000055e-03 -5.545450000000000379e-02
4.329999999999999648e-03 -5.542410000000000392e-02
4.340000000000000108e-03 -5.539320000000000355e-02
4.349999999999999700e-03 -5.536189999999999861e-02
4.360000000000000160e-03 -5.533019999999999605e-02
4.369999999999999753e-03 -5.529789999999999706e-02
4.380000000000000213e-03 -5.526500000000000162e-02
4.389999999999999805e-03 -5.523149999999999588e-02
4.400000000000000265e-03 -5.519729999999999775e-02
4.409999999999999858e-03 -5.516240000000000032e-02
4.420000000000000318e-03 -5.512670000000000070e-02
4.429999999999999910e-03 -5.509000000000000008e-02
4.440000000000000370e-03 -5.505240000000000133e-02
4.449999999999999963e-03 -5.501359999999999584e-02
4.459999999999999555e-03 -5.497359999999999747e-02
4.470000000000000015e-03 -5.493229999999999641e-02
4.480000000000000475e-03 -5.488940000000000485e-02
4.490000000000000067e-03 -5.484470000000000317e-02
4.499999999999999660e-03 -5.479799999999999949e-02
4.510000000000000120e-03 -5.474910000000000193e-02
4.519999999999999712e-03 -5.469749999999999612e-02
4.530000000000000172e-03 -5.464289999999999425e-02
4.539999999999999765e-03 -5.458460000000000395e-02
4.550000000000000225e-03 -5.452210000000000389e-02
4.559999999999999817e-03 -5.445440000000000003e-02
4.570000000000000277e-03 -5.438049999999999828e-02
4.579999999999999870e-03 -5.429890000000000411e-02
4.589999999999999462e-03 -5.420770000000000449e-02
4.599999999999999922e-03 -5.410459999999999575e-02
4.610000000000000382e-03 -5.398630000000000095e-02
4.619999999999999975e-03 -5.384940000000000559e-02
4.629999999999999567e-03 -5.368950000000000111e-02
4.640000000000000027e-03 -5.350139999999999757e-02
4.650000000000000487e-03 -5.327819999999999778e-02
4.660000000000000080e-03 -5.301030000000000325e-02
4.669999999999999672e-03 -5.268439999999999929e-02
4.680000000000000132e-03 -5.228399999999999714e-02
4.690000000000000592e-03 -5.179279999999999995e-02
4.700000000000000185e-03 -5.119809999999999639e-02
4.709999999999999777e-03 -5.049329999999999791e-02
4.719999999999999370e-03 -4.967840000000000450e-02
4.730000000000000697e-03 -4.875900000000000373e-02
4.740000000000000289e-03 -4.774380000000000290e-02
4.749999999999999882e-03 -4.664120000000000071e-02
4.759999999999999475e-03 -4.545689999999999453e-02
4.769999999999999934e-03 -4.419299999999999617e-02
4.780000000000000394e-03 -4.284759999999999958e-02
4.789999999999999987e-03 -4.141599999999999449e-02
4.799999999999999580e-03 -3.989200000000000385e-02
4.810000000000000039e-03 -3.826890000000000153e-02
4.820000000000000499e-03 -3.654020000000000185e-02
4.830000000000000092e-03 -3.470120000000000149e-02
4.839999999999999684e-03 -3.275000000000000133e-02
4.849999999999999277e-03 -3.069020000000000081e-02
4.860000000000000604e-03 -2.853220000000000062e-02
4.870000000000000197e-03 -2.629489999999999952e-02
4.879999999999999789e-03 -2.400029999999999872e-02
4.889999999999999382e-03 -2.157550000000000093e-02
4.900000000000000709e-03 -1.892639999999999947e-02
4.910000000000000302e-03 -1.593790000000000137e-02
4.919999999999999894e-03 -1.247269999999999976e-02
4.929999999999999487e-03 -8.387930000000000039e-03
4.940000000000000814e-03 -3.595749999999999988e-03
4.950000000000000407e-03 1.819129999999999966e-03
4.959999999999999999e-03 7.502179999999999786e-03
4.969999999999999592e-03 1.292440000000000082e-02
4.980000000000000052e-03 1.764659999999999840e-02
4.990000000000000512e-03 2.147249999999999853e-02
5.000000000000000104e-03 2.440480000000000080e-02
5.009999999999999697e-03 2.653900000000000009e-02
5.019999999999999289e-03 2.798860000000000237e-02
5.030000000000000616e-03 2.885150000000000214e-02
5.040000000000000209e-03 2.920200000000000226e-02
5.049999999999999802e-03 2.909349999999999783e-02
5.059999999999999394e-03 2.856440000000000021e-02
5.069999999999999854e-03 2.764529999999999765e-02
5.080000000000000314e-03 2.636439999999999964e-02
5.089999999999999906e-03 2.475209999999999910e-02
5.099999999999999499e-03 2.284450000000000022e-02
5.109999999999999959e-03 2.069170000000000037e-02
5.120000000000000419e-03 1.835129999999999748e-02
5.130000000000000011e-03 1.588000000000000175e-02
5.139999999999999604e-03 1.333189999999999896e-02
5.150000000000000064e-03 1.075549999999999944e-02
5.160000000000000524e-03 8.190789999999999876e-03
5.170000000000000116e-03 5.667580000000000187e-03
5.179999999999999709e-03 3.206010000000000023e-03
5.190000000000000169e-03 8.176849999999999613e-04
5.199999999999999761e-03 -1.492490000000000179e-03
5.210000000000000221e-03 -3.724359999999999910e-03
5.219999999999999814e-03 -5.880889999999999729e-03
5.230000000000000274e-03 -7.966910000000000658e-03
5.239999999999999866e-03 -9.988089999999999816e-03
5.250000000000000326e-03 -1.195039999999999991e-02
5.259999999999999919e-03 -1.386849999999999888e-02
5.269999999999999511e-03 -1.575220000000000092e-02
5.279999999999999971e-03 -1.760719999999999993e-02
5.290000000000000431e-03 -1.943639999999999951e-02
5.300000000000000024e-03 -2.123960000000000084e-02
5.309999999999999616e-03 -2.301470000000000252e-02
5.320000000000000076e-03 -2.475679999999999895e-02
5.329999999999999669e-03 -2.645929999999999810e-02
5.340000000000000129e-03 -2.811370000000000188e-02
5.349999999999999721e-03 -2.973999999999999908e-02
5.360000000000000181e-03 -3.135600000000000193e-02
5.369999999999999774e-03 -3.297540000000000193e-02
5.380000000000000233e-03 -3.460719999999999769e-02
5.389999999999999826e-03 -3.625540000000000013e-02
5.400000000000000286e-03 -3.791859999999999675e-02
5.409999999999999878e-03 -3.958840000000000275e-02
5.420000000000000338e-03 -4.125000000000000194e-02
5.429999999999999931e-03 -4.288280000000000564e-02
5.440000000000000391e-03 -4.446229999999999627e-02
5.449999999999999983e-03 -4.596360000000000029e-02
5.459999999999999576e-03 -4.736490000000000145e-02
5.470000000000000036e-03 -4.865010000000000168e-02
5.480000000000000496e-03 -4.981050000000000061e-02
5.490000000000000088e-03 -5.084439999999999793e-02
5.499999999999999681e-03 -5.175620000000000220e-02
5.510000000000000141e-03 -5.255400000000000349e-02
5.519999999999999733e-03 -5.324849999999999722e-02
5.530000000000000193e-03 -5.385120000000000184e-02
5.539999999999999786e-03 -5.437349999999999822e-02
5.550000000000000246e-03 -5.482599999999999973e-02
5.559999999999999838e-03 -5.521849999999999675e-02
5.570000000000000298e-03 -5.555949999999999778e-02
5.579999999999999891e-03 -5.585659999999999931e-02
5.589999999999999483e-03 -5.611619999999999803e-02
5.599999999999999943e-03 -5.634369999999999656e-02
5.610000000000000403e-03 -5.654399999999999704e-02
5.619999999999999996e-03 -5.672089999999999771e-02
5.629999999999999588e-03 -5.687779999999999919e-02
5.640000000000000048e-03 -5.701749999999999874e-02
5.650000000000000508e-03 -5.714249999999999885e-02
5.660000000000000100e-03 -5.725480000000000153e-02
5.669999999999999693e-03 -5.735600000000000420e-02
5.679999999999999286e-03 -5.744749999999999857e-02
5.690000000000000613e-03 -5.753060000000000118e-02
5.700000000000000205e-03 -5.760629999999999917e-02
5.709999999999999798e-03 -5.767540000000000167e-02
5.719999999999999390e-03 -5.773860000000000103e-02
5.730000000000000718e-03 -5.779639999999999778e-02
5.740000000000000310e-03 -5.784940000000000221e-02
5.749999999999999903e-03 -5.789810000000000095e-02
5.759999999999999495e-03 -5.794259999999999688e-02
5.769999999999999955e-03 -5.798330000000000151e-02
5.780000000000000415e-03 -5.802039999999999975e-02
5.790000000000000008e-03 -5.805420000000000025e-02
5.799999999999999600e-03 -5.808469999999999606e-02
5.809999999999999193e-03 -5.811209999999999987e-02
5.820000000000000520e-03 -5.813660000000000355e-02
5.830000000000000113e-03 -5.815820000000000017e-02
5.839999999999999705e-03 -5.817699999999999955e-02
5.849999999999999298e-03 -5.819320000000000048e-02
5.860000000000000625e-03 -5.820680000000000298e-02
5.870000000000000218e-03 -5.821790000000000298e-02
5.879999999999999810e-03 -5.822659999999999642e-02
5.889999999999999403e-03 -5.823290000000000410e-02
5.900000000000000730e-03 -5.823690000000000117e-02
5.910000000000000323e-03 -5.823880000000000029e-02
5.919999999999999915e-03 -5.823849999999999860e-02
5.929999999999999508e-03 -5.823619999999999491e-02
5.939999999999999968e-03 -5.823199999999999904e-02
5.950000000000000427e-03 -5.822599999999999998e-02
5.960000000000000020e-03 -5.821810000000000179e-02
5.969999999999999613e-03 -5.820859999999999923e-02
5.980000000000000072e-03 -5.819749999999999923e-02
5.990000000000000532e-03 -5.818489999999999773e-02
6.000000000000000125e-03 -5.817090000000000455e-02
6.009999999999999717e-03 -5.815550000000000580e-02
6.019999999999999310e-03 -5.813890000000000030e-02
6.030000000000000637e-03 -5.812109999999999499e-02
6.040000000000000230e-03 -5.810209999999999680e-02
6.049999999999999822e-03 -5.808220000000000049e-02
6.059999999999999415e-03 -5.806120000000000031e-02
6.069999999999999875e-03 -5.803939999999999794e-02
6.080000000000000335e-03 -5.801669999999999744e-02
6.089999999999999927e-03 -5.799320000000000169e-02
6.099999999999999520e-03 -5.796899999999999969e-02
6.109999999999999980e-03 -5.794409999999999838e-02
6.120000000000000440e-03 -5.791860000000000064e-02
6.130000000000000032e-03 -5.789249999999999952e-02
6.139999999999999625e-03 -5.786590000000000483e-02
6.150000000000000085e-03 -5.783869999999999983e-02
6.160000000000000545e-03 -5.781110000000000415e-02
6.170000000000000137e-03 -5.778300000000000103e-02
6.179999999999999730e-03 -5.775450000000000028e-02
6.190000000000000190e-03 -5.772560000000000191e-02
6.199999999999999782e-03 -5.769629999999999898e-02
6.210000000000000242e-03 -5.766670000000000129e-02
6.219999999999999835e-03 -5.763669999999999904e-02
6.230000000000000294e-03 -5.760649999999999799e-02
6.239999999999999887e-03 -5.757589999999999930e-02
6.250000000000000347e-03 -5.754509999999999487e-02
6.259999999999999939e-03 -5.751400000000000262e-02
6.269999999999999532e-03 -5.748270000000000463e-02
6.279999999999999992e-03 -5.745120000000000088e-02
6.290000000000000452e-03 -5.741940000000000238e-02
6.300000000000000044e-03 -5.738739999999999813e-02
6.309999999999999637e-03 -5.735520000000000201e-02
6.320000000000000097e-03 -5.732280000000000014e-02
6.329999999999999689e-03 -5.729030000000000233e-02
6.340000000000000149e-03 -5.725750000000000284e-02
6.349999999999999742e-03 -5.722460000000000047e-02
6.360000000000000202e-03 -5.719160000000000216e-02
6.369999999999999794e-03 -5.715829999999999522e-02
6.380000000000000254e-03 -5.712500000000000216e-02
6.389999999999999847e-03 -5.709140000000000048e-02
6.400000000000000307e-03 -5.705779999999999880e-02
6.409999999999999899e-03 -5.702399999999999830e-02
6.420000000000000359e-03 -5.698999999999999899e-02
6.429999999999999952e-03 -5.695599999999999968e-02
6.440000000000000412e-03 -5.692179999999999462e-02
6.450000000000000004e-03 -5.688750000000000057e-02
6.459999999999999597e-03 -5.685300000000000076e-02
6.470000000000000057e-03 -5.681850000000000095e-02
6.480000000000000517e-03 -5.678380000000000233e-02
6.490000000000000109e-03 -5.674900000000000083e-02
6.499999999999999702e-03 -5.671410000000000340e-02
6.510000000000000162e-03 -5.667900000000000021e-02
6.519999999999999754e-03 -5.664390000000000397e-02
6.530000000000000214e-03 -5.660860000000000197e-02
6.539999999999999807e-03 -5.657319999999999710e-02
6.549999999999999399e-03 -5.653770000000000323e-02
6.559999999999999859e-03 -5.650200000000000361e-02
6.570000000000000319e-03 -5.646629999999999705e-02
6.579999999999999911e-03 -5.643039999999999862e-02
6.589999999999999504e-03 -5.639430000000000137e-02
6.599999999999999964e-03 -5.635810000000000125e-02
6.610000000000000424e-03 -5.632180000000000519e-02
6.620000000000000016e-03 -5.628529999999999645e-02
6.629999999999999609e-03 -5.624869999999999870e-02
6.640000000000000069e-03 -5.621190000000000214e-02
6.650000000000000529e-03 -5.617489999999999983e-02
6.660000000000000121e-03 -5.613770000000000565e-02
6.669999999999999714e-03 -5.610040000000000165e-02
6.679999999999999306e-03 -5.606280000000000291e-02
6.690000000000000634e-03 -5.602510000000000129e-02
6.700000000000000226e-03 -5.598709999999999798e-02
6.709999999999999819e-03 -5.594890000000000280e-02
6.719999999999999411e-03 -5.591040000000000593e-02
6.730000000000000739e-03 -5.587169999999999637e-02
6.740000000000000331e-03 -5.583280000000000187e-02
6.749999999999999924e-03 -5.579350000000000281e-02
6.759999999999999516e-03 -5.575399999999999801e-02
6.769999999999999976e-03 -5.571419999999999845e-02
6.780000000000000436e-03 -5.567410000000000414e-02
6.790000000000000029e-03 -5.563359999999999833e-02
6.799999999999999621e-03 -5.559290000000000065e-02
6.809999999999999214e-03 -5.555179999999999840e-02
6.820000000000000541e-03 -5.551029999999999853e-02
6.830000000000000134e-03 -5.546849999999999697e-02
6.839999999999999726e-03 -5.542629999999999779e-02
6.849999999999999319e-03 -5.538369999999999405e-02
6.860000000000000646e-03 -5.534080000000000249e-02
6.870000000000000238e-03 -5.529740000000000349e-02
6.879999999999999831e-03 -5.525359999999999994e-02
6.889999999999999424e-03 -5.520929999999999588e-02
6.900000000000000751e-03 -5.516460000000000113e-02
6.910000000000000343e-03 -5.511950000000000183e-02
6.919999999999999936e-03 -5.507379999999999914e-02
6.929999999999999528e-03 -5.502770000000000578e-02
6.939999999999999988e-03 -5.498120000000000090e-02
6.950000000000000448e-03 -5.493409999999999960e-02
6.960000000000000041e-03 -5.488640000000000185e-02
6.969999999999999633e-03 -5.483829999999999955e-02
6.980000000000000093e-03 -5.478960000000000080e-02
6.990000000000000553e-03 -5.474040000000000156e-02
7.000000000000000146e-03 -5.469060000000000588e-02
7.009999999999999738e-03 -5.464019999999999988e-02
7.019999999999999331e-03 -5.458930000000000032e-02
7.030000000000000658e-03 -5.453770000000000145e-02
7.040000000000000251e-03 -5.448549999999999921e-02
7.049999999999999843e-03 -5.443269999999999359e-02
7.059999999999999436e-03 -5.437929999999999847e-02
7.069999999999999896e-03 -5.432520000000000404e-02
7.080000000000000356e-03 -5.427049999999999930e-02
7.089999999999999948e-03 -5.421510000000000218e-02
7.099999999999999541e-03 -5.415899999999999881e-02
7.110000000000000001e-03 -5.410220000000000307e-02
7.120000000000000460e-03 -5.404470000000000107e-02
7.130000000000000053e-03 -5.398649999999999977e-02
7.139999999999999646e-03 -5.392750000000000321e-02
7.150000000000000105e-03 -5.386769999999999753e-02
7.160000000000000565e-03 -5.380719999999999947e-02
7.170000000000000158e-03 -5.374589999999999923e-02
7.179999999999999750e-03 -5.368379999999999680e-02
7.190000000000000210e-03 -5.362089999999999912e-02
7.199999999999999803e-03 -5.355719999999999925e-02
7.210000000000000263e-03 -5.349260000000000126e-02
7.219999999999999855e-03 -5.342710000000000514e-02
7.230000000000000315e-03 -5.336070000000000396e-02
7.239999999999999908e-03 -5.329350000000000059e-02
7.250000000000000368e-03 -5.322529999999999623e-02
7.259999999999999960e-03 -5.315610000000000473e-02
7.269999999999999553e-03 -5.308600000000000124e-02
7.280000000000000013e-03 -5.301499999999999962e-02
7.289999999999999605e-03 -5.294290000000000107e-02
7.300000000000000065e-03 -5.286969999999999864e-02
7.309999999999999658e-03 -5.279559999999999809e-02
7.320000000000000118e-03 -5.272030000000000466e-02
7.329999999999999710e-03 -5.264399999999999635e-02
7.340000000000000170e-03 -5.256649999999999517e-02
7.349999999999999763e-03 -5.248790000000000400e-02
7.360000000000000223e-03 -5.240800000000000319e-02
7.369999999999999815e-03 -5.232699999999999851e-02
7.380000000000000275e-03 -5.224470000000000502e-02
7.389999999999999868e-03 -5.216109999999999497e-02
7.400000000000000328e-03 -5.207630000000000592e-02
7.409999999999999920e-03 -5.199000000000000149e-02
7.419999999999999513e-03 -5.190240000000000131e-02
7.429999999999999973e-03 -5.181340000000000251e-02
7.440000000000000432e-03 -5.172290000000000221e-02
7.450000000000000025e-03 -5.163089999999999347e-02
7.459999999999999618e-03 -5.153730000000000117e-02
7.470000000000000077e-03 -5.144220000000000043e-02
7.480000000000000537e-03 -5.134539999999999937e-02
7.490000000000000130e-03 -5.124689999999999801e-02
7.499999999999999722e-03 -5.114660000000000040e-02
7.510000000000000182e-03 -5.104449999999999960e-02
7.519999999999999775e-03 -5.094060000000000255e-02
7.530000000000000235e-03 -5.083469999999999656e-02
7.539999999999999827e-03 -5.072679999999999551e-02
7.549999999999999420e-03 -5.061679999999999652e-02
7.559999999999999880e-03 -5.050460000000000366e-02
7.570000000000000340e-03 -5.039020000000000304e-02
7.579999999999999932e-03 -5.027349999999999874e-02
7.589999999999999525e-03 -5.015429999999999888e-02
7.599999999999999985e-03 -5.003260000000000346e-02
7.610000000000000445e-03 -4.990829999999999572e-02
7.620000000000000037e-03 -4.978119999999999767e-02
7.629999999999999630e-03 -4.965119999999999950e-02
7.640000000000000090e-03 -4.951819999999999833e-02
7.650000000000000550e-03 -4.938209999999999822e-02
7.660000000000000142e-03 -4.924260000000000442e-02
7.669999999999999735e-03 -4.909969999999999613e-02
7.679999999999999327e-03 -4.895309999999999939e-02
7.690000000000000654e-03 -4.880260000000000153e-02
7.700000000000000247e-03 -4.864800000000000374e-02
7.709999999999999840e-03 -4.848919999999999619e-02
7.719999999999999432e-03 -4.832569999999999921e-02
7.730000000000000759e-03 -4.815740000000000298e-02
7.740000000000000352e-03 -4.798389999999999600e-02
7.749999999999999944e-03 -4.780490000000000433e-02
7.759999999999999537e-03 -4.761999999999999567e-02
7.769999999999999997e-03 -4.742889999999999606e-02
7.780000000000000457e-03 -4.723089999999999927e-02
7.790000000000000049e-03 -4.702559999999999379e-02
7.799999999999999642e-03 -4.681249999999999994e-02
7.809999999999999235e-03 -4.659080000000000166e-02
7.820000000000000562e-03 -4.635990000000000250e-02
7.830000000000000154e-03 -4.611889999999999740e-02
7.839999999999999747e-03 -4.586679999999999924e-02
7.849999999999999339e-03 -4.560260000000000008e-02
7.860000000000000667e-03 -4.532510000000000011e-02
7.870000000000000259e-03 -4.503269999999999496e-02
7.879999999999999852e-03 -4.472389999999999699e-02
7.889999999999999444e-03 -4.439670000000000422e-02
7.900000000000000772e-03 -4.404899999999999788e-02
7.910000000000000364e-03 -4.367789999999999867e-02
7.919999999999999957e-03 -4.328040000000000359e-02
7.929999999999999549e-03 -4.285280000000000339e-02
7.940000000000000877e-03 -4.239060000000000050e-02
7.950000000000000469e-03 -4.188859999999999806e-02
7.960000000000000062e-03 -4.134060000000000512e-02
7.969999999999999654e-03 -4.073960000000000081e-02
7.980000000000000981e-03 -4.007750000000000201e-02
7.990000000000000574e-03 -3.934620000000000478e-02
8.000000000000000167e-03 -3.853759999999999825e-02
8.009999999999999759e-03 -3.764399999999999691e-02
8.019999999999999352e-03 -3.665550000000000058e-02
8.029999999999998944e-03 -3.555649999999999783e-02
8.039999999999998537e-03 -3.432380000000000153e-02
8.049999999999999864e-03 -3.292780000000000012e-02
8.060000000000001191e-03 -3.134440000000000143e-02
8.070000000000000784e-03 -2.957069999999999838e-02
8.080000000000000376e-03 -2.762900000000000078e-02
8.089999999999999969e-03 -2.556070000000000217e-02
8.099999999999999561e-03 -2.339360000000000051e-02
8.109999999999999154e-03 -2.110510000000000164e-02
8.119999999999998747e-03 -1.866519999999999985e-02
8.130000000000000074e-03 -1.603280000000000330e-02
8.140000000000001401e-03 -1.315830000000000125e-02
8.150000000000000994e-03 -9.996520000000000059e-03
8.160000000000000586e-03 -6.531209999999999967e-03
8.170000000000000179e-03 -2.803900000000000229e-03
8.179999999999999771e-03 1.052760000000000024e-03
8.189999999999999364e-03 4.826630000000000156e-03
8.199999999999998956e-03 8.288589999999998459e-03
8.210000000000000284e-03 1.126469999999999902e-02
8.219999999999999876e-03 1.366810000000000073e-02
8.230000000000001203e-03 1.548719999999999958e-02
8.240000000000000796e-03 1.675550000000000303e-02
8.250000000000000389e-03 1.752560000000000229e-02
8.259999999999999981e-03 1.785370000000000013e-02
8.269999999999999574e-03 1.779280000000000098e-02
8.279999999999999166e-03 1.739049999999999971e-02
8.289999999999998759e-03 1.668949999999999947e-02
8.300000000000000086e-03 1.572909999999999933e-02
8.309999999999999679e-03 1.454609999999999931e-02
8.320000000000001006e-03 1.317540000000000031e-02
8.330000000000000598e-03 1.165060000000000054e-02
8.340000000000000191e-03 1.000299999999999974e-02
8.349999999999999784e-03 8.261730000000000115e-03
8.359999999999999376e-03 6.452750000000000152e-03
8.369999999999998969e-03 4.598499999999999290e-03
8.380000000000000296e-03 2.717579999999999822e-03
8.389999999999999888e-03 8.246949999999999637e-04
8.400000000000001216e-03 -1.069199999999999968e-03
8.410000000000000808e-03 -2.956560000000000004e-03
8.420000000000000401e-03 -4.829019999999999840e-03
8.429999999999999993e-03 -6.684300000000000658e-03
8.439999999999999586e-03 -8.523150000000000170e-03
8.449999999999999178e-03 -1.034720000000000084e-02
8.460000000000000506e-03 -1.215879999999999912e-02
8.470000000000000098e-03 -1.396069999999999950e-02
8.479999999999999691e-03 -1.575340000000000074e-02
8.490000000000001018e-03 -1.753539999999999960e-02
8.500000000000000611e-03 -1.930329999999999893e-02
8.510000000000000203e-03 -2.105260000000000117e-02
8.519999999999999796e-03 -2.277790000000000023e-02
8.529999999999999388e-03 -2.447299999999999823e-02
8.539999999999998981e-03 -2.613110000000000085e-02
8.550000000000000308e-03 -2.774470000000000061e-02
8.559999999999999901e-03 -2.932560000000000028e-02
8.569999999999999493e-03 -3.089209999999999873e-02
8.580000000000000820e-03 -3.245900000000000174e-02
8.590000000000000413e-03 -3.403770000000000406e-02
8.600000000000000006e-03 -3.563619999999999982e-02
8.609999999999999598e-03 -3.725789999999999658e-02
8.619999999999999191e-03 -3.890049999999999758e-02
8.630000000000000518e-03 -4.055599999999999483e-02
8.640000000000000110e-03 -4.220989999999999465e-02
8.649999999999999703e-03 -4.384310000000000290e-02
8.659999999999999296e-03 -4.543319999999999997e-02
8.670000000000000623e-03 -4.695790000000000380e-02
8.680000000000000215e-03 -4.839730000000000421e-02
8.689999999999999808e-03 -4.973700000000000343e-02
8.699999999999999400e-03 -5.096840000000000398e-02
8.710000000000000728e-03 -5.208879999999999760e-02
8.720000000000000320e-03 -5.310059999999999780e-02
8.729999999999999913e-03 -5.400909999999999739e-02
8.739999999999999505e-03 -5.482200000000000267e-02
8.750000000000000833e-03 -5.554789999999999728e-02
8.760000000000000425e-03 -5.619530000000000358e-02
8.770000000000000018e-03 -5.677259999999999945e-02
8.779999999999999610e-03 -5.728739999999999527e-02
8.789999999999999203e-03 -5.774669999999999803e-02
8.800000000000000530e-03 -5.815659999999999580e-02
8.810000000000000123e-03 -5.852259999999999407e-02
8.819999999999999715e-03 -5.884940000000000310e-02
8.829999999999999308e-03 -5.914119999999999794e-02
8.840000000000000635e-03 -5.940149999999999597e-02
8.850000000000000228e-03 -5.963349999999999901e-02
8.859999999999999820e-03 -5.983990000000000142e-02
8.869999999999999413e-03 -6.002320000000000572e-02
8.880000000000000740e-03 -6.018540000000000001e-02
8.890000000000000333e-03 -6.032830000000000137e-02
8.899999999999999925e-03 -6.045369999999999910e-02
8.909999999999999518e-03 -6.056289999999999590e-02
8.919999999999999110e-03 -6.065740000000000021e-02
8.930000000000000437e-03 -6.073810000000000320e-02
8.940000000000000030e-03 -6.080630000000000063e-02
8.949999999999999623e-03 -6.086280000000000162e-02
8.960000000000000950e-03 -6.090849999999999737e-02
8.970000000000000542e-03 -6.094410000000000105e-02
8.980000000000000135e-03 -6.097040000000000098e-02
8.989999999999999727e-03 -6.098790000000000461e-02
8.999999999999999320e-03 -6.099730000000000429e-02
9.010000000000000647e-03 -6.099910000000000054e-02
9.020000000000000240e-03 -6.099369999999999792e-02
9.029999999999999832e-03 -6.098149999999999404e-02
9.039999999999999425e-03 -6.096309999999999923e-02
9.050000000000000752e-03 -6.093860000000000249e-02
9.060000000000000345e-03 -6.090849999999999737e-02
9.069999999999999937e-03 -6.087299999999999656e-02
9.079999999999999530e-03 -6.083250000000000463e-02
9.089999999999999122e-03 -6.078710000000000363e-02
9.100000000000000450e-03 -6.073719999999999813e-02
9.110000000000000042e-03 -6.068289999999999795e-02
9.119999999999999635e-03 -6.062440000000000190e-02
9.130000000000000962e-03 -6.056210000000000065e-02
9.140000000000000555e-03 -6.049589999999999829e-02
9.150000000000000147e-03 -6.042619999999999936e-02
9.159999999999999740e-03 -6.035309999999999980e-02
9.169999999999999332e-03 -6.027669999999999556e-02
9.179999999999998925e-03 -6.019719999999999932e-02
9.190000000000000252e-03 -6.011470000000000008e-02
9.199999999999999845e-03 -6.002949999999999953e-02
9.210000000000001172e-03 -5.994149999999999479e-02
9.220000000000000764e-03 -5.985100000000000142e-02
9.230000000000000357e-03 -5.975800000000000556e-02
9.239999999999999949e-03 -5.966279999999999500e-02
9.249999999999999542e-03 -5.956530000000000158e-02
9.259999999999999135e-03 -5.946579999999999921e-02
9.269999999999998727e-03 -5.936430000000000179e-02
9.280000000000000054e-03 -5.926089999999999830e-02
9.289999999999999647e-03 -5.915580000000000144e-02
9.300000000000000974e-03 -5.904899999999999732e-02
9.310000000000000567e-03 -5.894069999999999865e-02
9.320000000000000159e-03 -5.883089999999999847e-02
9.329999999999999752e-03 -5.871969999999999967e-02
9.339999999999999344e-03 -5.860719999999999819e-02
9.349999999999998937e-03 -5.849349999999999689e-02
9.360000000000000264e-03 -5.837869999999999865e-02
9.369999999999999857e-03 -5.826289999999999941e-02
9.380000000000001184e-03 -5.814600000000000324e-02
9.390000000000000777e-03 -5.802830000000000488e-02
9.400000000000000369e-03 -5.790979999999999739e-02
9.409999999999999962e-03 -5.779050000000000159e-02
9.419999999999999554e-03 -5.767060000000000242e-02
9.429999999999999147e-03 -5.754999999999999699e-02
9.439999999999998739e-03 -5.742880000000000207e-02
9.450000000000000067e-03 -5.730720000000000258e-02
9.460000000000001394e-03 -5.718509999999999566e-02
9.470000000000000986e-03 -5.706260000000000498e-02
9.480000000000000579e-03 -5.693970000000000281e-02
9.490000000000000172e-03 -5.681660000000000182e-02
9.499999999999999764e-03 -5.669330000000000203e-02
9.509999999999999357e-03 -5.656970000000000054e-02
9.519999999999998949e-03 -5.644599999999999618e-02
9.529999999999998542e-03 -5.632220000000000282e-02
9.539999999999999869e-03 -5.619840000000000252e-02
9.550000000000001196e-03 -5.607449999999999934e-02
9.560000000000000789e-03 -5.595069999999999905e-02
9.570000000000000381e-03 -5.582689999999999875e-02
9.579999999999999974e-03 -5.570309999999999845e-02
9.589999999999999566e-03 -5.557950000000000390e-02
9.599999999999999159e-03 -5.545610000000000123e-02
9.609999999999998752e-03 -5.533290000000000430e-02
9.620000000000000079e-03 -5.520980000000000332e-02
9.630000000000001406e-03 -5.508709999999999996e-02
9.640000000000000999e-03 -5.496449999999999947e-02
9.650000000000000591e-03 -5.484230000000000355e-02
9.660000000000000184e-03 -5.472039999999999543e-02
9.669999999999999776e-03 -5.459889999999999882e-02
9.679999999999999369e-03 -5.447779999999999984e-02
9.689999999999998961e-03 -5.435700000000000254e-02
9.699999999999998554e-03 -5.423660000000000286e-02
9.710000000000001616e-03 -5.411670000000000369e-02
9.720000000000001208e-03 -5.399730000000000502e-02
9.730000000000000801e-03 -5.387830000000000397e-02
9.740000000000000394e-03 -5.375989999999999935e-02
9.749999999999999986e-03 -5.364189999999999930e-02
9.759999999999999579e-03 -5.352450000000000263e-02
9.769999999999999171e-03 -5.340769999999999545e-02
9.779999999999998764e-03 -5.329140000000000266e-02
9.789999999999998356e-03 -5.317569999999999936e-02
9.800000000000001418e-03 -5.306049999999999656e-02
9.810000000000001011e-03 -5.294600000000000001e-02
9.820000000000000603e-03 -5.283220000000000277e-02
9.830000000000000196e-03 -5.271889999999999910e-02
9.839999999999999789e-03 -5.260639999999999761e-02
9.849999999999999381e-03 -5.249439999999999662e-02
9.859999999999998974e-03 -5.238320000000000476e-02
9.869999999999998566e-03 -5.227259999999999546e-02
9.880000000000001628e-03 -5.216279999999999528e-02
9.890000000000001221e-03 -5.205360000000000542e-02
9.900000000000000813e-03 -5.194519999999999693e-02
9.910000000000000406e-03 -5.183740000000000570e-02
9.919999999999999998e-03 -5.173049999999999871e-02
9.929999999999999591e-03 -5.162420000000000203e-02
9.939999999999999183e-03 -5.151870000000000061e-02
9.949999999999998776e-03 -5.141400000000000137e-02
9.960000000000000103e-03 -5.131009999999999738e-02
9.970000000000001431e-03 -5.120689999999999964e-02
9.980000000000001023e-03 -5.110450000000000409e-02
9.990000000000000616e-03 -5.100289999999999685e-02
1.000000000000000021e-02 -5.090200000000000280e-02
