0.000000000000000000e+00 -7.000000000000000666e-02
1.000000000000000082e-05 -6.981980000000000131e-02
2.000000000000000164e-05 -6.968280000000000307e-02
2.999999999999999737e-05 -6.956379999999999508e-02
4.000000000000000327e-05 -6.945619999999999572e-02
5.000000000000000240e-05 -6.935660000000000436e-02
5.999999999999999474e-05 -6.926319999999999699e-02
7.000000000000000742e-05 -6.917489999999999750e-02
8.000000000000000654e-05 -6.909059999999998813e-02
8.999999999999999212e-05 -6.900989999999999902e-02
1.000000000000000048e-04 -6.893219999999999903e-02
1.100000000000000039e-04 -6.885720000000000729e-02
1.199999999999999895e-04 -6.878460000000000130e-02
1.300000000000000157e-04 -6.871399999999999730e-02
1.400000000000000148e-04 -6.864539999999999531e-02
1.499999999999999869e-04 -6.857859999999998957e-02
1.600000000000000131e-04 -6.851329999999999920e-02
1.700000000000000122e-04 -6.844949999999999646e-02
1.799999999999999842e-04 -6.838710000000000622e-02
1.900000000000000105e-04 -6.832590000000000885e-02
2.000000000000000096e-04 -6.826590000000000436e-02
2.099999999999999816e-04 -6.820699999999998986e-02
2.200000000000000078e-04 -6.814910000000000412e-02
2.300000000000000070e-04 -6.809210000000000262e-02
2.399999999999999790e-04 -6.803610000000000213e-02
2.500000000000000052e-04 -6.798090000000001076e-02
2.600000000000000314e-04 -6.792659999999998977e-02
2.700000000000000035e-04 -6.787300000000000277e-02
2.800000000000000297e-04 -6.782009999999999428e-02
2.900000000000000017e-04 -6.776789999999999203e-02
2.999999999999999737e-04 -6.771639999999999604e-02
3.099999999999999999e-04 -6.766549999999998954e-02
3.200000000000000262e-04 -6.761520000000000030e-02
3.299999999999999982e-04 -6.756550000000000056e-02
3.400000000000000244e-04 -6.751630000000000131e-02
3.499999999999999964e-04 -6.746760000000000257e-02
3.599999999999999685e-04 -6.741949999999999332e-02
3.699999999999999947e-04 -6.737179999999999558e-02
3.800000000000000209e-04 -6.732459999999999833e-02
3.899999999999999929e-04 -6.727779999999999871e-02
4.000000000000000192e-04 -6.723139999999999672e-02
4.099999999999999912e-04 -6.718550000000000910e-02
4.199999999999999632e-04 -6.714000000000000523e-02
4.299999999999999894e-04 -6.709480000000000999e-02
4.400000000000000157e-04 -6.704999999999999849e-02
4.499999999999999877e-04 -6.700559999999999850e-02
4.600000000000000139e-04 -6.696150000000000713e-02
4.699999999999999859e-04 -6.691779999999999951e-02
4.799999999999999580e-04 -6.687440000000000051e-02
4.899999999999999842e-04 -6.683129999999999626e-02
5.000000000000000104e-04 -6.678850000000000064e-02
5.100000000000000366e-04 -6.674599999999999977e-02
5.200000000000000629e-04 -6.670380000000000753e-02
5.299999999999999807e-04 -6.666179999999999328e-02
5.400000000000000069e-04 -6.662019999999999054e-02
5.500000000000000331e-04 -6.657880000000000742e-02
5.600000000000000594e-04 -6.653760000000000230e-02
5.699999999999999772e-04 -6.649679999999999480e-02
5.800000000000000034e-04 -6.645610000000000406e-02
5.899999999999999212e-04 -6.641569999999999419e-02
5.999999999999999474e-04 -6.637550000000000394e-02
6.099999999999999737e-04 -6.633549999999999169e-02
6.199999999999999999e-04 -6.629580000000000195e-02
6.300000000000000261e-04 -6.625629999999999020e-02
6.400000000000000524e-04 -6.621689999999999521e-02
6.499999999999999702e-04 -6.617780000000000884e-02
6.599999999999999964e-04 -6.613890000000000047e-02
6.700000000000000226e-04 -6.610009999999999497e-02
6.800000000000000488e-04 -6.606159999999999810e-02
6.899999999999999667e-04 -6.602320000000000411e-02
6.999999999999999929e-04 -6.598510000000000486e-02
7.099999999999999107e-04 -6.594700000000000562e-02
7.199999999999999369e-04 -6.590920000000000112e-02
7.299999999999999632e-04 -6.587149999999999950e-02
7.399999999999999894e-04 -6.583400000000000363e-02
7.500000000000000156e-04 -6.579669999999999963e-02
7.600000000000000418e-04 -6.575949999999999851e-02
7.700000000000000681e-04 -6.572239999999998639e-02
7.799999999999999859e-04 -6.568550000000000777e-02
7.900000000000000121e-04 -6.564879999999999327e-02
8.000000000000000383e-04 -6.561219999999999553e-02
8.100000000000000646e-04 -6.557570000000000066e-02
8.199999999999999824e-04 -6.553939999999999766e-02
8.300000000000000086e-04 -6.550320000000001142e-02
8.399999999999999264e-04 -6.546710000000000029e-02
8.499999999999999526e-04 -6.543120000000000880e-02
8.599999999999999789e-04 -6.539539999999999242e-02
8.700000000000000051e-04 -6.535970000000000668e-02
8.800000000000000313e-04 -6.532409999999999606e-02
8.900000000000000576e-04 -6.528870000000000506e-02
8.999999999999999754e-04 -6.525330000000000019e-02
9.100000000000000016e-04 -6.521810000000000107e-02
9.200000000000000278e-04 -6.518300000000000483e-02
9.300000000000000541e-04 -6.514799999999999758e-02
9.399999999999999719e-04 -6.511310000000000708e-02
9.499999999999999981e-04 -6.507830000000000559e-02
9.599999999999999159e-04 -6.504359999999999309e-02
9.699999999999999421e-04 -6.500910000000000022e-02
9.799999999999999684e-04 -6.497459999999999347e-02
9.899999999999999946e-04 -6.494020000000000348e-02
1.000000000000000021e-03 -6.490590000000000248e-02
1.010000000000000047e-03 -6.487170000000000436e-02
1.020000000000000073e-03 -6.483759999999999524e-02
1.030000000000000100e-03 -6.480349999999999999e-02
1.040000000000000126e-03 -6.476959999999999662e-02
1.050000000000000152e-03 -6.473579999999999612e-02
1.059999999999999961e-03 -6.470199999999999563e-02
1.069999999999999988e-03 -6.466829999999999801e-02
1.080000000000000014e-03 -6.463469999999998938e-02
1.090000000000000040e-03 -6.460120000000001139e-02
1.100000000000000066e-03 -6.456770000000000564e-02
1.110000000000000092e-03 -6.453440000000000565e-02
1.120000000000000119e-03 -6.450109999999999177e-02
1.129999999999999928e-03 -6.446789999999999465e-02
1.139999999999999954e-03 -6.443470000000001141e-02
1.149999999999999981e-03 -6.440170000000000616e-02
1.160000000000000007e-03 -6.436870000000000092e-02
1.170000000000000033e-03 -6.433570000000000955e-02
1.179999999999999842e-03 -6.430289999999999617e-02
1.189999999999999869e-03 -6.427009999999999668e-02
1.199999999999999895e-03 -6.423740000000000006e-02
1.209999999999999921e-03 -6.420470000000000343e-02
1.219999999999999947e-03 -6.417209999999999581e-02
1.229999999999999974e-03 -6.413960000000000494e-02
1.240000000000000000e-03 -6.410710000000000020e-02
1.250000000000000026e-03 -6.407470000000001220e-02
1.260000000000000052e-03 -6.404229999999999645e-02
1.270000000000000078e-03 -6.401000000000001133e-02
1.280000000000000105e-03 -6.397780000000000133e-02
1.290000000000000131e-03 -6.394560000000000521e-02
1.299999999999999940e-03 -6.391349999999999809e-02
1.309999999999999967e-03 -6.388140000000000485e-02
1.319999999999999993e-03 -6.384940000000000060e-02
1.330000000000000019e-03 -6.381739999999999635e-02
1.340000000000000045e-03 -6.378549999999999498e-02
1.350000000000000071e-03 -6.375359999999999361e-02
1.360000000000000098e-03 -6.372179999999999511e-02
1.370000000000000124e-03 -6.368999999999999662e-02
1.379999999999999933e-03 -6.365830000000000100e-02
1.389999999999999960e-03 -6.362660000000000537e-02
1.399999999999999986e-03 -6.359499999999999875e-02
1.410000000000000012e-03 -6.356340000000000601e-02
1.419999999999999821e-03 -6.353190000000000226e-02
1.429999999999999848e-03 -6.350039999999999851e-02
1.439999999999999874e-03 -6.346889999999999477e-02
1.449999999999999900e-03 -6.343749999999999389e-02
1.459999999999999926e-03 -6.340619999999999590e-02
1.469999999999999953e-03 -6.337489999999999790e-02
1.479999999999999979e-03 -6.334359999999999991e-02
1.490000000000000005e-03 -6.331230000000000191e-02
1.500000000000000031e-03 -6.328110000000000679e-02
1.510000000000000057e-03 -6.325000000000000067e-02
1.520000000000000084e-03 -6.321889999999999454e-02
1.530000000000000110e-03 -6.318780000000000230e-02
1.540000000000000136e-03 -6.315669999999999618e-02
1.549999999999999946e-03 -6.312570000000000681e-02
1.559999999999999972e-03 -6.309479999999999256e-02
1.569999999999999998e-03 -6.306380000000000319e-02
1.580000000000000024e-03 -6.303290000000000282e-02
1.590000000000000050e-03 -6.300200000000000244e-02
1.600000000000000077e-03 -6.297120000000000495e-02
1.610000000000000103e-03 -6.294039999999999357e-02
1.620000000000000129e-03 -6.290959999999999608e-02
1.629999999999999939e-03 -6.287890000000000146e-02
1.639999999999999965e-03 -6.284819999999999296e-02
1.649999999999999991e-03 -6.281749999999999834e-02
1.660000000000000017e-03 -6.278690000000000659e-02
1.669999999999999827e-03 -6.275619999999999810e-02
1.679999999999999853e-03 -6.272570000000000923e-02
1.689999999999999879e-03 -6.269509999999998973e-02
1.699999999999999905e-03 -6.266460000000000086e-02
1.709999999999999932e-03 -6.263409999999999811e-02
1.719999999999999958e-03 -6.260359999999999536e-02
1.729999999999999984e-03 -6.257309999999999262e-02
1.740000000000000010e-03 -6.254270000000000662e-02
1.750000000000000036e-03 -6.251230000000000675e-02
1.760000000000000063e-03 -6.248199999999999588e-02
1.770000000000000089e-03 -6.245159999999999600e-02
1.780000000000000115e-03 -6.242129999999999901e-02
1.790000000000000141e-03 -6.239099999999999507e-02
1.799999999999999951e-03 -6.236069999999999808e-02
1.809999999999999977e-03 -6.233050000000000396e-02
1.820000000000000003e-03 -6.230020000000000002e-02
1.830000000000000029e-03 -6.227000000000000590e-02
1.840000000000000056e-03 -6.223990000000000078e-02
1.850000000000000082e-03 -6.220969999999999972e-02
1.860000000000000108e-03 -6.217960000000000154e-02
1.870000000000000134e-03 -6.214950000000000335e-02
1.879999999999999944e-03 -6.211939999999999823e-02
1.889999999999999970e-03 -6.208930000000000005e-02
1.899999999999999996e-03 -6.205929999999999780e-02
1.910000000000000022e-03 -6.202919999999999962e-02
1.919999999999999832e-03 -6.199920000000000431e-02
1.929999999999999858e-03 -6.196920000000000206e-02
1.939999999999999884e-03 -6.193930000000000269e-02
1.949999999999999910e-03 -6.190930000000000044e-02
1.959999999999999937e-03 -6.187939999999999413e-02
1.969999999999999963e-03 -6.184950000000000170e-02
1.979999999999999989e-03 -6.181960000000000233e-02
1.990000000000000015e-03 -6.178970000000000296e-02
2.000000000000000042e-03 -6.175979999999999664e-02
2.009999999999999634e-03 -6.173000000000000015e-02
2.020000000000000094e-03 -6.170020000000000365e-02
2.029999999999999687e-03 -6.167029999999999734e-02
2.040000000000000147e-03 -6.164059999999999678e-02
2.049999999999999739e-03 -6.161080000000000029e-02
2.060000000000000199e-03 -6.158100000000000379e-02
2.069999999999999792e-03 -6.155129999999999629e-02
2.080000000000000251e-03 -6.152149999999999980e-02
2.089999999999999844e-03 -6.149179999999999924e-02
2.100000000000000304e-03 -6.146209999999999868e-02
2.109999999999999896e-03 -6.143239999999999812e-02
2.119999999999999923e-03 -6.140280000000000044e-02
2.129999999999999949e-03 -6.137309999999999988e-02
2.139999999999999975e-03 -6.134339999999999932e-02
2.150000000000000001e-03 -6.131380000000000163e-02
2.160000000000000028e-03 -6.128419999999999701e-02
2.170000000000000054e-03 -6.125460000000000627e-02
2.180000000000000080e-03 -6.122500000000000164e-02
2.190000000000000106e-03 -6.119539999999999702e-02
2.200000000000000133e-03 -6.116579999999999934e-02
2.210000000000000159e-03 -6.113629999999999759e-02
2.220000000000000185e-03 -6.110669999999999991e-02
2.229999999999999778e-03 -6.107719999999999816e-02
2.240000000000000237e-03 -6.104769999999999641e-02
2.249999999999999830e-03 -6.101820000000000160e-02
2.259999999999999856e-03 -6.098859999999999698e-02
2.269999999999999882e-03 -6.095920000000000505e-02
2.279999999999999909e-03 -6.092969999999999636e-02
2.289999999999999935e-03 -6.090020000000000155e-02
2.299999999999999961e-03 -6.087069999999999981e-02
2.309999999999999987e-03 -6.084129999999999400e-02
2.320000000000000014e-03 -6.081179999999999919e-02
2.330000000000000040e-03 -6.078240000000000032e-02
2.340000000000000066e-03 -6.075300000000000145e-02
2.350000000000000092e-03 -6.072359999999999564e-02
2.359999999999999685e-03 -6.069410000000000083e-02
2.370000000000000145e-03 -6.066470000000000196e-02
2.379999999999999737e-03 -6.063530000000000308e-02
2.390000000000000197e-03 -6.060600000000000015e-02
2.399999999999999790e-03 -6.057660000000000128e-02
2.410000000000000250e-03 -6.054719999999999547e-02
2.419999999999999842e-03 -6.051780000000000354e-02
2.430000000000000302e-03 -6.048850000000000060e-02
2.439999999999999895e-03 -6.045910000000000173e-02
2.450000000000000355e-03 -6.042979999999999879e-02
2.459999999999999947e-03 -6.040039999999999992e-02
2.470000000000000407e-03 -6.037109999999999699e-02
2.480000000000000000e-03 -6.034180000000000099e-02
2.490000000000000026e-03 -6.031249999999999806e-02
2.500000000000000052e-03 -6.028309999999999919e-02
2.509999999999999645e-03 -6.025379999999999625e-02
2.520000000000000104e-03 -6.022450000000000025e-02
2.529999999999999697e-03 -6.019519999999999732e-02
2.540000000000000157e-03 -6.016590000000000132e-02
2.549999999999999750e-03 -6.013659999999999839e-02
2.560000000000000209e-03 -6.010730000000000239e-02
2.569999999999999802e-03 -6.007800000000000640e-02
2.580000000000000262e-03 -6.004869999999999652e-02
2.589999999999999854e-03 -6.001950000000000340e-02
2.599999999999999881e-03 -5.999020000000000047e-02
2.609999999999999907e-03 -5.996090000000000447e-02
2.619999999999999933e-03 -5.993160000000000154e-02
2.629999999999999959e-03 -5.990240000000000148e-02
2.639999999999999986e-03 -5.987309999999999854e-02
2.650000000000000012e-03 -5.984380000000000255e-02
2.660000000000000038e-03 -5.981449999999999961e-02
2.670000000000000064e-03 -5.978529999999999955e-02
2.680000000000000090e-03 -5.975600000000000356e-02
2.690000000000000117e-03 -5.972670000000000062e-02
2.700000000000000143e-03 -5.969750000000000056e-02
2.710000000000000169e-03 -5.966819999999999763e-02
2.720000000000000195e-03 -5.963900000000000451e-02
2.729999999999999788e-03 -5.960969999999999464e-02
2.740000000000000248e-03 -5.958039999999999864e-02
2.749999999999999840e-03 -5.955119999999999858e-02
2.759999999999999867e-03 -5.952190000000000258e-02
2.769999999999999893e-03 -5.949259999999999965e-02
2.779999999999999919e-03 -5.946329999999999671e-02
2.789999999999999945e-03 -5.943410000000000359e-02
2.799999999999999972e-03 -5.940480000000000066e-02
2.809999999999999998e-03 -5.937550000000000466e-02
2.820000000000000024e-03 -5.934620000000000173e-02
2.830000000000000050e-03 -5.931689999999999879e-02
2.839999999999999643e-03 -5.928769999999999873e-02
2.850000000000000103e-03 -5.925840000000000274e-02
2.859999999999999695e-03 -5.922909999999999980e-02
2.870000000000000155e-03 -5.919980000000000381e-02
2.879999999999999748e-03 -5.917049999999999393e-02
2.890000000000000208e-03 -5.914110000000000200e-02
2.899999999999999800e-03 -5.911179999999999907e-02
2.910000000000000260e-03 -5.908250000000000307e-02
2.919999999999999853e-03 -5.905320000000000014e-02
2.930000000000000313e-03 -5.902380000000000126e-02
2.939999999999999905e-03 -5.899450000000000527e-02
2.950000000000000365e-03 -5.896520000000000233e-02
2.959999999999999958e-03 -5.893580000000000346e-02
2.969999999999999984e-03 -5.890639999999999765e-02
2.980000000000000010e-03 -5.887710000000000166e-02
2.990000000000000036e-03 -5.884770000000000278e-02
3.000000000000000062e-03 -5.881830000000000391e-02
3.009999999999999655e-03 -5.878889999999999810e-02
3.020000000000000115e-03 -5.875950000000000617e-02
3.029999999999999707e-03 -5.873010000000000036e-02
3.040000000000000167e-03 -5.870059999999999861e-02
3.049999999999999760e-03 -5.867119999999999974e-02
3.060000000000000220e-03 -5.864180000000000087e-02
3.069999999999999812e-03 -5.861229999999999912e-02
3.080000000000000272e-03 -5.858279999999999738e-02
3.089999999999999865e-03 -5.855330000000000257e-02
3.099999999999999891e-03 -5.852380000000000082e-02
3.109999999999999917e-03 -5.849430000000000601e-02
3.119999999999999944e-03 -5.846479999999999733e-02
3.129999999999999970e-03 -5.843519999999999964e-02
3.139999999999999996e-03 -5.840570000000000483e-02
3.150000000000000022e-03 -5.837610000000000021e-02
3.160000000000000048e-03 -5.834649999999999559e-02
3.170000000000000075e-03 -5.831689999999999791e-02
3.180000000000000101e-03 -5.828730000000000022e-02
3.190000000000000127e-03 -5.825759999999999966e-02
3.200000000000000153e-03 -5.822800000000000198e-02
3.210000000000000180e-03 -5.819830000000000142e-02
3.220000000000000206e-03 -5.816860000000000086e-02
3.229999999999999798e-03 -5.813890000000000030e-02
3.240000000000000258e-03 -5.810909999999999687e-02
3.249999999999999851e-03 -5.807939999999999631e-02
3.259999999999999877e-03 -5.804959999999999981e-02
3.269999999999999903e-03 -5.801979999999999638e-02
3.279999999999999930e-03 -5.798999999999999988e-02
3.289999999999999956e-03 -5.796010000000000051e-02
3.299999999999999982e-03 -5.793020000000000114e-02
3.310000000000000008e-03 -5.790030000000000177e-02
3.320000000000000034e-03 -5.787039999999999546e-02
3.330000000000000061e-03 -5.784040000000000015e-02
3.339999999999999653e-03 -5.781039999999999790e-02
3.350000000000000113e-03 -5.778040000000000259e-02
3.359999999999999706e-03 -5.775040000000000034e-02
3.370000000000000166e-03 -5.772030000000000216e-02
3.379999999999999758e-03 -5.769019999999999704e-02
3.390000000000000218e-03 -5.766009999999999885e-02
3.399999999999999811e-03 -5.762989999999999780e-02
3.410000000000000270e-03 -5.759969999999999674e-02
3.419999999999999863e-03 -5.756939999999999974e-02
3.430000000000000323e-03 -5.753919999999999868e-02
3.439999999999999915e-03 -5.750879999999999881e-02
3.450000000000000375e-03 -5.747849999999999487e-02
3.459999999999999968e-03 -5.744809999999999500e-02
3.469999999999999994e-03 -5.741770000000000207e-02
3.480000000000000020e-03 -5.738719999999999932e-02
3.490000000000000047e-03 -5.735669999999999658e-02
3.500000000000000073e-03 -5.732609999999999789e-02
3.509999999999999665e-03 -5.729549999999999921e-02
3.520000000000000125e-03 -5.726479999999999765e-02
3.529999999999999718e-03 -5.723409999999999609e-02
3.540000000000000178e-03 -5.720340000000000147e-02
3.549999999999999770e-03 -5.717260000000000397e-02
3.560000000000000230e-03 -5.714170000000000360e-02
3.569999999999999823e-03 -5.711079999999999629e-02
3.580000000000000283e-03 -5.707979999999999998e-02
3.589999999999999875e-03 -5.704879999999999673e-02
3.599999999999999901e-03 -5.701769999999999755e-02
3.609999999999999928e-03 -5.698660000000000531e-02
3.619999999999999954e-03 -5.695530000000000037e-02
3.629999999999999980e-03 -5.692410000000000525e-02
3.640000000000000006e-03 -5.689269999999999744e-02
3.650000000000000033e-03 -5.686129999999999657e-02
3.660000000000000059e-03 -5.682979999999999976e-02
3.670000000000000085e-03 -5.679829999999999601e-02
3.680000000000000111e-03 -5.676659999999999345e-02
3.690000000000000138e-03 -5.673490000000000477e-02
3.700000000000000164e-03 -5.670320000000000221e-02
3.709999999999999756e-03 -5.667130000000000084e-02
3.720000000000000216e-03 -5.663929999999999659e-02
3.729999999999999809e-03 -5.660729999999999928e-02
3.740000000000000269e-03 -5.657509999999999623e-02
3.749999999999999861e-03 -5.654290000000000010e-02
3.759999999999999887e-03 -5.651059999999999417e-02
3.769999999999999914e-03 -5.647819999999999924e-02
3.779999999999999940e-03 -5.644559999999999855e-02
3.789999999999999966e-03 -5.641299999999999787e-02
3.799999999999999992e-03 -5.638020000000000531e-02
3.810000000000000019e-03 -5.634739999999999888e-02
3.820000000000000045e-03 -5.631440000000000057e-02
3.830000000000000071e-03 -5.628129999999999938e-02
3.839999999999999664e-03 -5.624810000000000226e-02
3.850000000000000124e-03 -5.621469999999999939e-02
3.859999999999999716e-03 -5.618119999999999364e-02
3.870000000000000176e-03 -5.614759999999999890e-02
3.879999999999999769e-03 -5.611379999999999840e-02
3.890000000000000228e-03 -5.607990000000000197e-02
3.899999999999999821e-03 -5.604579999999999979e-02
3.910000000000000281e-03 -5.601160000000000166e-02
3.919999999999999873e-03 -5.597710000000000186e-02
3.930000000000000333e-03 -5.594260000000000205e-02
3.939999999999999926e-03 -5.590780000000000055e-02
3.950000000000000386e-03 -5.587280000000000024e-02
3.959999999999999978e-03 -5.583769999999999706e-02
3.970000000000000438e-03 -5.580229999999999912e-02
3.980000000000000031e-03 -5.576670000000000238e-02
3.990000000000000491e-03 -5.573089999999999988e-02
4.000000000000000083e-03 -5.569489999999999857e-02
4.009999999999999676e-03 -5.565860000000000252e-02
4.019999999999999268e-03 -5.562210000000000071e-02
4.030000000000000596e-03 -5.558529999999999721e-02
4.040000000000000188e-03 -5.554829999999999490e-02
4.049999999999999781e-03 -5.551100000000000478e-02
4.059999999999999373e-03 -5.547330000000000316e-02
4.070000000000000701e-03 -5.543540000000000273e-02
4.080000000000000293e-03 -5.539710000000000467e-02
4.089999999999999886e-03 -5.535840000000000205e-02
4.099999999999999478e-03 -5.531940000000000468e-02
4.109999999999999938e-03 -5.528009999999999868e-02
4.120000000000000398e-03 -5.524029999999999913e-02
4.129999999999999991e-03 -5.520010000000000194e-02
4.139999999999999583e-03 -5.515939999999999732e-02
4.150000000000000043e-03 -5.511829999999999508e-02
4.160000000000000503e-03 -5.507669999999999927e-02
4.170000000000000095e-03 -5.503450000000000009e-02
4.179999999999999688e-03 -5.499180000000000040e-02
4.190000000000000148e-03 -5.494850000000000428e-02
4.200000000000000608e-03 -5.490450000000000191e-02
4.210000000000000200e-03 -5.485990000000000311e-02
4.219999999999999793e-03 -5.481450000000000211e-02
4.230000000000000253e-03 -5.476840000000000180e-02
4.239999999999999845e-03 -5.472140000000000337e-02
4.250000000000000305e-03 -5.467349999999999988e-02
4.259999999999999898e-03 -5.462460000000000232e-02
4.269999999999999490e-03 -5.457469999999999682e-02
4.279999999999999950e-03 -5.452370000000000133e-02
4.290000000000000410e-03 -5.447140000000000315e-02
4.300000000000000003e-03 -5.441770000000000634e-02
4.309999999999999595e-03 -5.436249999999999416e-02
4.320000000000000055e-03 -5.430569999999999842e-02
4.329999999999999648e-03 -5.424710000000000643e-02
4.340000000000000108e-03 -5.418639999999999568e-02
4.349999999999999700e-03 -5.412339999999999512e-02
4.360000000000000160e-03 -5.405780000000000307e-02
4.369999999999999753e-03 -5.398929999999999702e-02
4.380000000000000213e-03 -5.391739999999999727e-02
4.389999999999999805e-03 -5.384159999999999641e-02
4.400000000000000265e-03 -5.376109999999999917e-02
4.409999999999999858e-03 -5.367519999999999930e-02
4.420000000000000318e-03 -5.358279999999999987e-02
4.429999999999999910e-03 -5.348239999999999938e-02
4.440000000000000370e-03 -5.337220000000000159e-02
4.449999999999999963e-03 -5.324989999999999585e-02
4.459999999999999555e-03 -5.311229999999999424e-02
4.470000000000000015e-03 -5.295570000000000138e-02
4.480000000000000475e-03 -5.277579999999999771e-02
4.490000000000000067e-03 -5.256740000000000024e-02
4.499999999999999660e-03 -5.232389999999999958e-02
4.510000000000000120e-03 -5.203660000000000230e-02
4.519999999999999712e-03 -5.169250000000000234e-02
4.530000000000000172e-03 -5.127469999999999944e-02
4.539999999999999765e-03 -5.076489999999999475e-02
4.550000000000000225e-03 -5.014749999999999763e-02
4.559999999999999817e-03 -4.941310000000000147e-02
4.570000000000000277e-03 -4.855960000000000137e-02
4.579999999999999870e-03 -4.759139999999999898e-02
4.589999999999999462e-03 -4.651639999999999942e-02
4.599999999999999922e-03 -4.534180000000000155e-02
4.610000000000000382e-03 -4.407180000000000125e-02
4.619999999999999975e-03 -4.270640000000000547e-02
4.629999999999999567e-03 -4.124169999999999919e-02
4.640000000000000027e-03 -3.967149999999999843e-02
4.650000000000000487e-03 -3.798879999999999618e-02
4.660000000000000080e-03 -3.618719999999999576e-02
4.669999999999999672e-03 -3.426310000000000466e-02
4.680000000000000132e-03 -3.221720000000000139e-02
4.690000000000000592e-03 -3.005669999999999870e-02
4.700000000000000185e-03 -2.779700000000000226e-02
4.709999999999999777e-03 -2.546220000000000080e-02
4.719999999999999370e-03 -2.304990000000000164e-02
4.730000000000000697e-03 -2.047050000000000258e-02
4.740000000000000289e-03 -1.761840000000000281e-02
4.749999999999999882e-03 -1.436389999999999889e-02
4.759999999999999475e-03 -1.055640000000000051e-02
4.769999999999999934e-03 -6.060170000000000140e-03
4.780000000000000394e-03 -8.482210000000000227e-04
4.789999999999999987e-03 4.863860000000000232e-03
4.799999999999999580e-03 1.059329999999999994e-02
4.810000000000000039e-03 1.580690000000000220e-02
4.820000000000000499e-03 2.017389999999999808e-02
4.830000000000000092e-03 2.361080000000000123e-02
4.839999999999999684e-03 2.618230000000000210e-02
4.849999999999999277e-03 2.800219999999999793e-02
4.860000000000000604e-03 2.918010000000000048e-02
4.870000000000000197e-03 2.980299999999999963e-02
4.879999999999999789e-03 2.993379999999999999e-02
4.889999999999999382e-03 2.961710000000000037e-02
4.900000000000000709e-03 2.888589999999999908e-02
4.910000000000000302e-03 2.776849999999999805e-02
4.919999999999999894e-03 2.629329999999999862e-02
4.929999999999999487e-03 2.449350000000000138e-02
4.940000000000000814e-03 2.240889999999999896e-02
4.950000000000000407e-03 2.008719999999999950e-02
4.959999999999999999e-03 1.758170000000000219e-02
4.969999999999999592e-03 1.494800000000000122e-02
4.980000000000000052e-03 1.223959999999999979e-02
4.990000000000000512e-03 9.503059999999998939e-03
5.000000000000000104e-03 6.775149999999999749e-03
5.009999999999999697e-03 4.081439999999999547e-03
5.019999999999999289e-03 1.436930000000000108e-03
5.030000000000000616e-03 -1.144640000000000154e-03
5.040000000000000209e-03 -3.648100000000000041e-03
5.049999999999999802e-03 -6.070120000000000030e-03
5.059999999999999394e-03 -8.413630000000000067e-03
5.069999999999999854e-03 -1.068420000000000133e-02
5.080000000000000314e-03 -1.289150000000000018e-02
5.089999999999999906e-03 -1.505160000000000005e-02
5.099999999999999499e-03 -1.717330000000000245e-02
5.109999999999999959e-03 -1.926090000000000094e-02
5.120000000000000419e-03 -2.131469999999999893e-02
5.130000000000000011e-03 -2.333179999999999976e-02
5.139999999999999604e-03 -2.530590000000000270e-02
5.150000000000000064e-03 -2.722790000000000279e-02
5.160000000000000524e-03 -2.909940000000000096e-02
5.170000000000000116e-03 -3.095060000000000172e-02
5.179999999999999709e-03 -3.280559999999999726e-02
5.190000000000000169e-03 -3.468260000000000093e-02
5.199999999999999761e-03 -3.659340000000000509e-02
5.210000000000000221e-03 -3.854160000000000225e-02
5.219999999999999814e-03 -4.052030000000000215e-02
5.230000000000000274e-03 -4.251119999999999899e-02
5.239999999999999866e-03 -4.448499999999999677e-02
5.250000000000000326e-03 -4.640509999999999774e-02
5.259999999999999919e-03 -4.823360000000000147e-02
5.269999999999999511e-03 -4.993809999999999916e-02
5.279999999999999971e-03 -5.149660000000000348e-02
5.290000000000000431e-03 -5.289939999999999920e-02
5.300000000000000024e-03 -5.414730000000000237e-02
5.309999999999999616e-03 -5.524930000000000119e-02
5.320000000000000076e-03 -5.621869999999999645e-02
5.329999999999999669e-03 -5.707050000000000317e-02
5.340000000000000129e-03 -5.782009999999999927e-02
5.349999999999999721e-03 -5.848140000000000283e-02
5.360000000000000181e-03 -5.906720000000000026e-02
5.369999999999999774e-03 -5.958829999999999683e-02
5.380000000000000233e-03 -6.005400000000000321e-02
5.389999999999999826e-03 -6.047240000000000254e-02
5.400000000000000286e-03 -6.084989999999999843e-02
5.409999999999999878e-03 -6.119220000000000215e-02
5.420000000000000338e-03 -6.150379999999999736e-02
5.429999999999999931e-03 -6.178849999999999620e-02
5.440000000000000391e-03 -6.204959999999999642e-02
5.449999999999999983e-03 -6.228970000000000340e-02
5.459999999999999576e-03 -6.251110000000000000e-02
5.470000000000000036e-03 -6.271549999999999347e-02
5.480000000000000496e-03 -6.290460000000000496e-02
5.490000000000000088e-03 -6.307959999999999956e-02
5.499999999999999681e-03 -6.324169999999999792e-02
5.510000000000000141e-03 -6.339169999999999527e-02
5.519999999999999733e-03 -6.353040000000000076e-02
5.530000000000000193e-03 -6.365859999999999574e-02
5.539999999999999786e-03 -6.377669999999999173e-02
5.550000000000000246e-03 -6.388520000000000310e-02
5.559999999999999838e-03 -6.398469999999999158e-02
5.570000000000000298e-03 -6.407540000000000457e-02
5.579999999999999891e-03 -6.415780000000000094e-02
5.589999999999999483e-03 -6.423220000000000318e-02
5.599999999999999943e-03 -6.429880000000000317e-02
5.610000000000000403e-03 -6.435789999999999567e-02
5.619999999999999996e-03 -6.440980000000000316e-02
5.629999999999999588e-03 -6.445480000000000653e-02
5.640000000000000048e-03 -6.449309999999999765e-02
5.650000000000000508e-03 -6.452499999999999902e-02
5.660000000000000100e-03 -6.455059999999999965e-02
5.669999999999999693e-03 -6.457019999999999427e-02
5.679999999999999286e-03 -6.458410000000000539e-02
5.690000000000000613e-03 -6.459239999999999426e-02
5.700000000000000205e-03 -6.459539999999999726e-02
5.709999999999999798e-03 -6.459329999999999239e-02
5.719999999999999390e-03 -6.458629999999999927e-02
5.730000000000000718e-03 -6.457460000000000977e-02
5.740000000000000310e-03 -6.455849999999999089e-02
5.749999999999999903e-03 -6.453820000000000390e-02
5.759999999999999495e-03 -6.451369999999999327e-02
5.769999999999999955e-03 -6.448550000000000115e-02
5.780000000000000415e-03 -6.445359999999999978e-02
5.790000000000000008e-03 -6.441829999999999778e-02
5.799999999999999600e-03 -6.437980000000000091e-02
5.809999999999999193e-03 -6.433819999999999817e-02
5.820000000000000520e-03 -6.429379999999999817e-02
5.830000000000000113e-03 -6.424670000000000381e-02
5.839999999999999705e-03 -6.419710000000000694e-02
5.849999999999999298e-03 -6.414530000000000232e-02
5.860000000000000625e-03 -6.409120000000000095e-02
5.870000000000000218e-03 -6.403530000000000333e-02
5.879999999999999810e-03 -6.397749999999999271e-02
5.889999999999999403e-03 -6.391800000000000259e-02
5.900000000000000730e-03 -6.385709999999999997e-02
5.910000000000000323e-03 -6.379490000000000161e-02
5.919999999999999915e-03 -6.373140000000000749e-02
5.929999999999999508e-03 -6.366689999999999849e-02
5.939999999999999968e-03 -6.360150000000000525e-02
5.950000000000000427e-03 -6.353530000000000288e-02
5.960000000000000020e-03 -6.346849999999999714e-02
5.969999999999999613e-03 -6.340110000000000190e-02
5.980000000000000072e-03 -6.333329999999999516e-02
5.990000000000000532e-03 -6.326519999999999366e-02
6.000000000000000125e-03 -6.319679999999999742e-02
6.009999999999999717e-03 -6.312840000000000118e-02
6.019999999999999310e-03 -6.305990000000000206e-02
6.030000000000000637e-03 -6.299150000000000582e-02
6.040000000000000230e-03 -6.292319999999999858e-02
6.049999999999999822e-03 -6.285519999999999996e-02
6.059999999999999415e-03 -6.278749999999999609e-02
6.069999999999999875e-03 -6.272010000000000085e-02
6.080000000000000335e-03 -6.265319999999999223e-02
6.089999999999999927e-03 -6.258679999999999799e-02
6.099999999999999520e-03 -6.252090000000000425e-02
6.109999999999999980e-03 -6.245570000000000288e-02
6.120000000000000440e-03 -6.239110000000000489e-02
6.130000000000000032e-03 -6.232730000000000214e-02
6.139999999999999625e-03 -6.226420000000000565e-02
6.150000000000000085e-03 -6.220200000000000035e-02
6.160000000000000545e-03 -6.214050000000000129e-02
6.170000000000000137e-03 -6.207999999999999630e-02
6.179999999999999730e-03 -6.202040000000000330e-02
6.190000000000000190e-03 -6.196170000000000150e-02
6.199999999999999782e-03 -6.190409999999999663e-02
6.210000000000000242e-03 -6.184740000000000376e-02
6.219999999999999835e-03 -6.179180000000000089e-02
6.230000000000000294e-03 -6.173719999999999902e-02
6.239999999999999887e-03 -6.168370000000000103e-02
6.250000000000000347e-03 -6.163119999999999710e-02
6.259999999999999939e-03 -6.157989999999999992e-02
6.269999999999999532e-03 -6.152969999999999967e-02
6.279999999999999992e-03 -6.148069999999999924e-02
6.290000000000000452e-03 -6.143269999999999981e-02
6.300000000000000044e-03 -6.138590000000000019e-02
6.309999999999999637e-03 -6.134030000000000038e-02
6.320000000000000097e-03 -6.129569999999999463e-02
6.329999999999999689e-03 -6.125239999999999851e-02
6.340000000000000149e-03 -6.121009999999999646e-02
6.349999999999999742e-03 -6.116899999999999421e-02
6.360000000000000202e-03 -6.112909999999999872e-02
6.369999999999999794e-03 -6.109030000000000016e-02
6.380000000000000254e-03 -6.105250000000000260e-02
6.389999999999999847e-03 -6.101590000000000485e-02
6.400000000000000307e-03 -6.098040000000000405e-02
6.409999999999999899e-03 -6.094600000000000017e-02
6.420000000000000359e-03 -6.091259999999999730e-02
6.429999999999999952e-03 -6.088029999999999831e-02
6.440000000000000412e-03 -6.084910000000000319e-02
6.450000000000000004e-03 -6.081890000000000213e-02
6.459999999999999597e-03 -6.078970000000000207e-02
6.470000000000000057e-03 -6.076149999999999607e-02
6.480000000000000517e-03 -6.073440000000000089e-02
6.490000000000000109e-03 -6.070810000000000095e-02
6.499999999999999702e-03 -6.068289999999999795e-02
6.510000000000000162e-03 -6.065860000000000002e-02
6.519999999999999754e-03 -6.063520000000000021e-02
6.530000000000000214e-03 -6.061280000000000140e-02
6.539999999999999807e-03 -6.059119999999999784e-02
6.549999999999999399e-03 -6.057060000000000222e-02
6.559999999999999859e-03 -6.055080000000000184e-02
6.570000000000000319e-03 -6.053189999999999960e-02
6.579999999999999911e-03 -6.051380000000000647e-02
6.589999999999999504e-03 -6.049649999999999472e-02
6.599999999999999964e-03 -6.048010000000000191e-02
6.610000000000000424e-03 -6.046450000000000435e-02
6.620000000000000016e-03 -6.044959999999999917e-02
6.629999999999999609e-03 -6.043549999999999617e-02
6.640000000000000069e-03 -6.042219999999999536e-02
6.650000000000000529e-03 -6.040970000000000367e-02
6.660000000000000121e-03 -6.039789999999999742e-02
6.669999999999999714e-03 -6.038680000000000436e-02
6.679999999999999306e-03 -6.037649999999999961e-02
6.690000000000000634e-03 -6.036679999999999824e-02
6.700000000000000226e-03 -6.035779999999999618e-02
6.709999999999999819e-03 -6.034960000000000324e-02
6.719999999999999411e-03 -6.034199999999999980e-02
6.730000000000000739e-03 -6.033499999999999974e-02
6.740000000000000331e-03 -6.032880000000000187e-02
6.749999999999999924e-03 -6.032309999999999756e-02
6.759999999999999516e-03 -6.031809999999999949e-02
6.769999999999999976e-03 -6.031380000000000075e-02
6.780000000000000436e-03 -6.031000000000000250e-02
6.790000000000000029e-03 -6.030689999999999662e-02
6.799999999999999621e-03 -6.030429999999999818e-02
6.809999999999999214e-03 -6.030239999999999906e-02
6.820000000000000541e-03 -6.030100000000000043e-02
6.830000000000000134e-03 -6.030019999999999825e-02
6.839999999999999726e-03 -6.029999999999999943e-02
6.849999999999999319e-03 -6.030030000000000112e-02
6.860000000000000646e-03 -6.030119999999999925e-02
6.870000000000000238e-03 -6.030259999999999787e-02
6.879999999999999831e-03 -6.030459999999999987e-02
6.889999999999999424e-03 -6.030709999999999543e-02
6.900000000000000751e-03 -6.031009999999999843e-02
6.910000000000000343e-03 -6.031360000000000193e-02
6.919999999999999936e-03 -6.031770000000000187e-02
6.929999999999999528e-03 -6.032219999999999943e-02
6.939999999999999988e-03 -6.032719999999999749e-02
6.950000000000000448e-03 -6.033270000000000299e-02
6.960000000000000041e-03 -6.033870000000000205e-02
6.969999999999999633e-03 -6.034520000000000162e-02
6.980000000000000093e-03 -6.035209999999999880e-02
6.990000000000000553e-03 -6.035949999999999649e-02
7.000000000000000146e-03 -6.036729999999999874e-02
7.009999999999999738e-03 -6.037560000000000149e-02
7.019999999999999331e-03 -6.038430000000000186e-02
7.030000000000000658e-03 -6.039350000000000274e-02
7.040000000000000251e-03 -6.040310000000000124e-02
7.049999999999999843e-03 -6.041299999999999448e-02
7.059999999999999436e-03 -6.042349999999999804e-02
7.069999999999999896e-03 -6.043430000000000329e-02
7.080000000000000356e-03 -6.044549999999999923e-02
7.089999999999999948e-03 -6.045709999999999973e-02
7.099999999999999541e-03 -6.046909999999999785e-02
7.110000000000000001e-03 -6.048139999999999766e-02
7.120000000000000460e-03 -6.049419999999999797e-02
7.130000000000000053e-03 -6.050729999999999997e-02
7.139999999999999646e-03 -6.052079999999999960e-02
7.150000000000000105e-03 -6.053460000000000091e-02
7.160000000000000565e-03 -6.054879999999999984e-02
7.170000000000000158e-03 -6.056330000000000047e-02
7.179999999999999750e-03 -6.057809999999999584e-02
7.190000000000000210e-03 -6.059330000000000271e-02
7.199999999999999803e-03 -6.060880000000000434e-02
7.210000000000000263e-03 -6.062469999999999665e-02
7.219999999999999855e-03 -6.064080000000000165e-02
7.230000000000000315e-03 -6.065729999999999733e-02
7.239999999999999908e-03 -6.067399999999999877e-02
7.250000000000000368e-03 -6.069109999999999783e-02
7.259999999999999960e-03 -6.070849999999999858e-02
7.269999999999999553e-03 -6.072610000000000507e-02
7.280000000000000013e-03 -6.074399999999999938e-02
7.289999999999999605e-03 -6.076220000000000232e-02
7.300000000000000065e-03 -6.078070000000000001e-02
7.309999999999999658e-03 -6.079939999999999650e-02
7.320000000000000118e-03 -6.081839999999999469e-02
7.329999999999999710e-03 -6.083759999999999862e-02
7.340000000000000170e-03 -6.085710000000000425e-02
7.349999999999999763e-03 -6.087689999999999768e-02
7.360000000000000223e-03 -6.089680000000000093e-02
7.369999999999999815e-03 -6.091699999999999893e-02
7.380000000000000275e-03 -6.093749999999999861e-02
7.389999999999999868e-03 -6.095819999999999711e-02
7.400000000000000328e-03 -6.097899999999999848e-02
7.409999999999999920e-03 -6.100010000000000154e-02
7.419999999999999513e-03 -6.102139999999999648e-02
7.429999999999999973e-03 -6.104300000000000004e-02
7.440000000000000432e-03 -6.106469999999999954e-02
7.450000000000000025e-03 -6.108659999999999785e-02
7.459999999999999618e-03 -6.110870000000000191e-02
7.470000000000000077e-03 -6.113099999999999784e-02
7.480000000000000537e-03 -6.115349999999999953e-02
7.490000000000000130e-03 -6.117609999999999715e-02
7.499999999999999722e-03 -6.119890000000000052e-02
7.510000000000000182e-03 -6.122189999999999577e-02
7.519999999999999775e-03 -6.124510000000000370e-02
7.530000000000000235e-03 -6.126840000000000064e-02
7.539999999999999827e-03 -6.129189999999999638e-02
7.549999999999999420e-03 -6.131560000000000482e-02
7.559999999999999880e-03 -6.133939999999999532e-02
7.570000000000000340e-03 -6.136330000000000257e-02
7.579999999999999932e-03 -6.138740000000000169e-02
7.589999999999999525e-03 -6.141159999999999675e-02
7.599999999999999985e-03 -6.143589999999999468e-02
7.610000000000000445e-03 -6.146039999999999837e-02
7.620000000000000037e-03 -6.148499999999999799e-02
7.629999999999999630e-03 -6.150979999999999642e-02
7.640000000000000090e-03 -6.153459999999999486e-02
7.650000000000000550e-03 -6.155960000000000598e-02
7.660000000000000142e-03 -6.158469999999999916e-02
7.669999999999999735e-03 -6.160990000000000216e-02
7.679999999999999327e-03 -6.163519999999999416e-02
7.690000000000000654e-03 -6.166060000000000291e-02
7.700000000000000247e-03 -6.168610000000000065e-02
7.709999999999999840e-03 -6.171179999999999721e-02
7.719999999999999432e-03 -6.173749999999999377e-02
7.730000000000000759e-03 -6.176330000000000015e-02
7.740000000000000352e-03 -6.178909999999999958e-02
7.749999999999999944e-03 -6.181509999999999783e-02
7.759999999999999537e-03 -6.184119999999999895e-02
7.769999999999999997e-03 -6.186730000000000007e-02
7.780000000000000457e-03 -6.189350000000000407e-02
7.790000000000000049e-03 -6.191980000000000400e-02
7.799999999999999642e-03 -6.194610000000000394e-02
7.809999999999999235e-03 -6.197260000000000268e-02
7.820000000000000562e-03 -6.199910000000000143e-02
7.830000000000000154e-03 -6.202560000000000018e-02
7.839999999999999747e-03 -6.205220000000000180e-02
7.849999999999999339e-03 -6.207889999999999936e-02
7.860000000000000667e-03 -6.210560000000000386e-02
7.870000000000000259e-03 -6.213239999999999735e-02
7.879999999999999852e-03 -6.215919999999999779e-02
7.889999999999999444e-03 -6.218610000000000110e-02
7.900000000000000772e-03 -6.221310000000000034e-02
7.910000000000000364e-03 -6.224000000000000365e-02
7.919999999999999957e-03 -6.226700000000000290e-02
7.929999999999999549e-03 -6.229409999999999809e-02
7.940000000000000877e-03 -6.232120000000000021e-02
7.950000000000000469e-03 -6.234830000000000233e-02
7.960000000000000062e-03 -6.237550000000000039e-02
7.969999999999999654e-03 -6.240270000000000539e-02
7.980000000000000981e-03 -6.242990000000000345e-02
7.990000000000000574e-03 -6.245709999999999457e-02
8.000000000000000167e-03 -6.248440000000000244e-02
8.009999999999999759e-03 -6.251170000000000337e-02
8.019999999999999352e-03 -6.253899999999999737e-02
8.029999999999998944e-03 -6.256640000000000812e-02
8.039999999999998537e-03 -6.259370000000000211e-02
8.049999999999999864e-03 -6.262109999999999899e-02
8.060000000000001191e-03 -6.264849999999999586e-02
8.070000000000000784e-03 -6.267589999999999273e-02
8.080000000000000376e-03 -6.270330000000000348e-02
8.089999999999999969e-03 -6.273080000000000322e-02
8.099999999999999561e-03 -6.275820000000000010e-02
8.109999999999999154e-03 -6.278569999999999984e-02
8.119999999999998747e-03 -6.281309999999999671e-02
8.130000000000000074e-03 -6.284059999999999646e-02
8.140000000000001401e-03 -6.286800000000000721e-02
8.150000000000000994e-03 -6.289549999999999308e-02
8.160000000000000586e-03 -6.292290000000000383e-02
8.170000000000000179e-03 -6.295040000000000358e-02
8.179999999999999771e-03 -6.297790000000000332e-02
8.189999999999999364e-03 -6.300530000000000019e-02
8.199999999999998956e-03 -6.303279999999999994e-02
8.210000000000000284e-03 -6.306019999999999681e-02
8.219999999999999876e-03 -6.308769999999999656e-02
8.230000000000001203e-03 -6.311509999999999343e-02
8.240000000000000796e-03 -6.314250000000000418e-02
8.250000000000000389e-03 -6.317000000000000393e-02
8.259999999999999981e-03 -6.319740000000000080e-02
8.269999999999999574e-03 -6.322479999999999767e-02
8.279999999999999166e-03 -6.325210000000000554e-02
8.289999999999998759e-03 -6.327950000000000241e-02
8.300000000000000086e-03 -6.330689999999999928e-02
8.309999999999999679e-03 -6.333420000000000716e-02
8.320000000000001006e-03 -6.336150000000000115e-02
8.330000000000000598e-03 -6.338880000000000903e-02
8.340000000000000191e-03 -6.341610000000000302e-02
8.349999999999999784e-03 -6.344339999999999702e-02
8.359999999999999376e-03 -6.347060000000000202e-02
8.369999999999998969e-03 -6.349779999999999314e-02
8.380000000000000296e-03 -6.352499999999999813e-02
8.389999999999999888e-03 -6.355220000000000313e-02
8.400000000000001216e-03 -6.357930000000000526e-02
8.410000000000000808e-03 -6.360649999999999638e-02
8.420000000000000401e-03 -6.363359999999999850e-02
8.429999999999999993e-03 -6.366059999999999774e-02
8.439999999999999586e-03 -6.368769999999999987e-02
8.449999999999999178e-03 -6.371469999999999911e-02
8.460000000000000506e-03 -6.374169999999999836e-02
8.470000000000000098e-03 -6.376859999999999473e-02
8.479999999999999691e-03 -6.379549999999999110e-02
8.490000000000001018e-03 -6.382240000000000135e-02
8.500000000000000611e-03 -6.384929999999999772e-02
8.510000000000000203e-03 -6.387610000000000510e-02
8.519999999999999796e-03 -6.390289999999999859e-02
8.529999999999999388e-03 -6.392969999999999209e-02
8.539999999999998981e-03 -6.395639999999999659e-02
8.550000000000000308e-03 -6.398310000000000108e-02
8.559999999999999901e-03 -6.400969999999998883e-02
8.569999999999999493e-03 -6.403640000000000720e-02
8.580000000000000820e-03 -6.406290000000000595e-02
8.590000000000000413e-03 -6.408950000000000757e-02
8.600000000000000006e-03 -6.411600000000000632e-02
8.609999999999999598e-03 -6.414239999999998831e-02
8.619999999999999191e-03 -6.416889999999998706e-02
8.630000000000000518e-03 -6.419529999999999681e-02
8.640000000000000110e-03 -6.422159999999998981e-02
8.649999999999999703e-03 -6.424789999999999668e-02
8.659999999999999296e-03 -6.427419999999998967e-02
8.670000000000000623e-03 -6.430039999999999367e-02
8.680000000000000215e-03 -6.432659999999999767e-02
8.689999999999999808e-03 -6.435269999999999879e-02
8.699999999999999400e-03 -6.437879999999999991e-02
8.710000000000000728e-03 -6.440490000000000104e-02
8.720000000000000320e-03 -6.443089999999999928e-02
8.729999999999999913e-03 -6.445690000000001141e-02
8.739999999999999505e-03 -6.448279999999999290e-02
8.750000000000000833e-03 -6.450870000000000215e-02
8.760000000000000425e-03 -6.453449999999999465e-02
8.770000000000000018e-03 -6.456030000000000102e-02
8.779999999999999610e-03 -6.458610000000000739e-02
8.789999999999999203e-03 -6.461179999999999701e-02
8.800000000000000530e-03 -6.463750000000000051e-02
8.810000000000000123e-03 -6.466310000000000113e-02
8.819999999999999715e-03 -6.468870000000000176e-02
8.829999999999999308e-03 -6.471419999999999950e-02
8.840000000000000635e-03 -6.473969999999999725e-02
8.850000000000000228e-03 -6.476510000000000600e-02
8.859999999999999820e-03 -6.479050000000000087e-02
8.869999999999999413e-03 -6.481579999999999286e-02
8.880000000000000740e-03 -6.484109999999999874e-02
8.890000000000000333e-03 -6.486640000000000461e-02
8.899999999999999925e-03 -6.489159999999999373e-02
8.909999999999999518e-03 -6.491670000000000773e-02
8.919999999999999110e-03 -6.494179999999999398e-02
8.930000000000000437e-03 -6.496689999999999410e-02
8.940000000000000030e-03 -6.499190000000000522e-02
8.949999999999999623e-03 -6.501690000000000247e-02
8.960000000000000950e-03 -6.504179999999999684e-02
8.970000000000000542e-03 -6.506659999999998834e-02
8.980000000000000135e-03 -6.509149999999999658e-02
8.989999999999999727e-03 -6.511620000000001296e-02
8.999999999999999320e-03 -6.514090000000000158e-02
9.010000000000000647e-03 -6.516560000000000408e-02
9.020000000000000240e-03 -6.519020000000000370e-02
9.029999999999999832e-03 -6.521480000000000332e-02
9.039999999999999425e-03 -6.523930000000000007e-02
9.050000000000000752e-03 -6.526379999999999681e-02
9.060000000000000345e-03 -6.528820000000000456e-02
9.069999999999999937e-03 -6.531259999999999843e-02
9.079999999999999530e-03 -6.533690000000000331e-02
9.089999999999999122e-03 -6.536119999999999430e-02
9.100000000000000450e-03 -6.538549999999999918e-02
9.110000000000000042e-03 -6.540959999999999830e-02
9.119999999999999635e-03 -6.543380000000000030e-02
9.130000000000000962e-03 -6.545780000000001042e-02
9.140000000000000555e-03 -6.548189999999999567e-02
9.150000000000000147e-03 -6.550589999999999191e-02
9.159999999999999740e-03 -6.552979999999999916e-02
9.169999999999999332e-03 -6.555370000000000641e-02
9.179999999999998925e-03 -6.557749999999999690e-02
9.190000000000000252e-03 -6.560130000000000128e-02
9.199999999999999845e-03 -6.562500000000000278e-02
9.210000000000001172e-03 -6.564870000000000427e-02
9.220000000000000764e-03 -6.567239999999999189e-02
9.230000000000000357e-03 -6.569590000000000152e-02
9.239999999999999949e-03 -6.571950000000000014e-02
9.249999999999999542e-03 -6.574299999999999589e-02
9.259999999999999135e-03 -6.576640000000000263e-02
9.269999999999998727e-03 -6.578979999999999551e-02
9.280000000000000054e-03 -6.581309999999999938e-02
9.289999999999999647e-03 -6.583640000000000325e-02
9.300000000000000974e-03 -6.585970000000000713e-02
9.310000000000000567e-03 -6.588290000000000812e-02
9.320000000000000159e-03 -6.590600000000000624e-02
9.329999999999999752e-03 -6.592910000000000437e-02
9.339999999999999344e-03 -6.595209999999999961e-02
9.349999999999998937e-03 -6.597509999999999486e-02
9.360000000000000264e-03 -6.599809999999999011e-02
9.369999999999999857e-03 -6.602099999999999635e-02
9.380000000000001184e-03 -6.604379999999999973e-02
9.390000000000000777e-03 -6.606659999999998922e-02
9.400000000000000369e-03 -6.608939999999999260e-02
9.409999999999999962e-03 -6.611199999999999022e-02
9.419999999999999554e-03 -6.613469999999999072e-02
9.429999999999999147e-03 -6.615730000000000222e-02
9.439999999999998739e-03 -6.617979999999999696e-02
9.450000000000000067e-03 -6.620229999999999171e-02
9.460000000000001394e-03 -6.622480000000000033e-02
9.470000000000000986e-03 -6.624720000000000608e-02
9.480000000000000579e-03 -6.626959999999999795e-02
9.490000000000000172e-03 -6.629190000000000083e-02
9.499999999999999764e-03 -6.631410000000000082e-02
9.509999999999999357e-03 -6.633630000000000082e-02
9.519999999999998949e-03 -6.635850000000000082e-02
9.529999999999998542e-03 -6.638059999999999794e-02
9.539999999999999869e-03 -6.640269999999999506e-02
9.550000000000001196e-03 -6.642470000000000319e-02
9.560000000000000789e-03 -6.644670000000001131e-02
9.570000000000000381e-03 -6.646859999999998880e-02
9.579999999999999974e-03 -6.649039999999999118e-02
9.589999999999999566e-03 -6.651229999999999642e-02
9.599999999999999159e-03 -6.653400000000000980e-02
9.609999999999998752e-03 -6.655579999999999830e-02
9.620000000000000079e-03 -6.657739999999999492e-02
9.630000000000001406e-03 -6.659910000000000829e-02
9.640000000000000999e-03 -6.662070000000000491e-02
9.650000000000000591e-03 -6.664219999999999866e-02
9.660000000000000184e-03 -6.666370000000000628e-02
9.669999999999999776e-03 -6.668510000000001103e-02
9.679999999999999369e-03 -6.670650000000000190e-02
9.689999999999998961e-03 -6.672790000000000665e-02
9.699999999999998554e-03 -6.674920000000000853e-02
9.710000000000001616e-03 -6.677039999999999365e-02
9.720000000000001208e-03 -6.679160000000000652e-02
9.730000000000000801e-03 -6.681279999999999164e-02
9.740000000000000394e-03 -6.683390000000000164e-02
9.749999999999999986e-03 -6.685489999999999489e-02
9.759999999999999579e-03 -6.687590000000000201e-02
9.769999999999999171e-03 -6.689690000000000913e-02
9.779999999999998764e-03 -6.691779999999999951e-02
9.789999999999998356e-03 -6.693870000000000375e-02
9.800000000000001418e-03 -6.695950000000000513e-02
9.810000000000001011e-03 -6.698030000000000650e-02
9.820000000000000603e-03 -6.700109999999999399e-02
9.830000000000000196e-03 -6.702169999999998962e-02
9.839999999999999789e-03 -6.704240000000000199e-02
9.849999999999999381e-03 -6.706299999999999761e-02
9.859999999999998974e-03 -6.708350000000000424e-02
9.869999999999998566e-03 -6.710399999999999698e-02
9.880000000000001628e-03 -6.712450000000000361e-02
9.890000000000001221e-03 -6.714490000000000736e-02
9.900000000000000813e-03 -6.716529999999999723e-02
9.910000000000000406e-03 -6.718559999999999810e-02
9.919999999999999998e-03 -6.720589999999999897e-02
9.929999999999999591e-03 -6.722609999999999697e-02
9.939999999999999183e-03 -6.724630000000000885e-02
9.949999999999998776e-03 -6.726640000000000397e-02
9.960000000000000103e-03 -6.728649999999999909e-02
9.970000000000001431e-03 -6.730660000000000809e-02
9.980000000000001023e-03 -6.732660000000000033e-02
9.990000000000000616e-03 -6.734650000000000358e-02
1.000000000000000021e-02 -6.736639999999999295e-02
