0.000000000000000000e+00 -6.500000000000000222e-02
1.000000000000000082e-05 -6.477670000000000650e-02
2.000000000000000164e-05 -6.460039999999998839e-02
2.999999999999999737e-05 -6.444570000000000853e-02
4.000000000000000327e-05 -6.430540000000001255e-02
5.000000000000000240e-05 -6.417549999999999644e-02
5.999999999999999474e-05 -6.405389999999999695e-02
7.000000000000000742e-05 -6.393880000000000396e-02
8.000000000000000654e-05 -6.382920000000000260e-02
8.999999999999999212e-05 -6.372429999999999761e-02
1.000000000000000048e-04 -6.362349999999999950e-02
1.100000000000000039e-04 -6.352610000000000201e-02
1.199999999999999895e-04 -6.343189999999999940e-02
1.300000000000000157e-04 -6.334049999999999403e-02
1.400000000000000148e-04 -6.325160000000000504e-02
1.499999999999999869e-04 -6.316489999999999605e-02
1.600000000000000131e-04 -6.308039999999999481e-02
1.700000000000000122e-04 -6.299770000000000369e-02
1.799999999999999842e-04 -6.291680000000000883e-02
1.900000000000000105e-04 -6.283750000000000446e-02
2.000000000000000096e-04 -6.275959999999999872e-02
2.099999999999999816e-04 -6.268319999999999448e-02
2.200000000000000078e-04 -6.260799999999999699e-02
2.300000000000000070e-04 -6.253410000000000912e-02
2.399999999999999790e-04 -6.246120000000000144e-02
2.500000000000000052e-04 -6.238940000000000458e-02
2.600000000000000314e-04 -6.231849999999999890e-02
2.700000000000000035e-04 -6.224860000000000115e-02
2.800000000000000297e-04 -6.217949999999999866e-02
2.900000000000000017e-04 -6.211119999999999836e-02
2.999999999999999737e-04 -6.204370000000000024e-02
3.099999999999999999e-04 -6.197679999999999856e-02
3.200000000000000262e-04 -6.191069999999999907e-02
3.299999999999999982e-04 -6.184510000000000007e-02
3.400000000000000244e-04 -6.178009999999999752e-02
3.499999999999999964e-04 -6.171560000000000240e-02
3.599999999999999685e-04 -6.165169999999999678e-02
3.699999999999999947e-04 -6.158820000000000267e-02
3.800000000000000209e-04 -6.152519999999999517e-02
3.899999999999999929e-04 -6.146259999999999918e-02
4.000000000000000192e-04 -6.140030000000000487e-02
4.099999999999999912e-04 -6.133840000000000126e-02
4.199999999999999632e-04 -6.127689999999999526e-02
4.299999999999999894e-04 -6.121560000000000196e-02
4.400000000000000157e-04 -6.115460000000000340e-02
4.499999999999999877e-04 -6.109389999999999959e-02
4.600000000000000139e-04 -6.103340000000000154e-02
4.699999999999999859e-04 -6.097310000000000230e-02
4.799999999999999580e-04 -6.091309999999999780e-02
4.899999999999999842e-04 -6.085320000000000312e-02
5.000000000000000104e-04 -6.079339999999999744e-02
5.100000000000000366e-04 -6.073380000000000445e-02
5.200000000000000629e-04 -6.067430000000000045e-02
5.299999999999999807e-04 -6.061489999999999934e-02
5.400000000000000069e-04 -6.055550000000000516e-02
5.500000000000000331e-04 -6.049629999999999591e-02
5.600000000000000594e-04 -6.043710000000000054e-02
5.699999999999999772e-04 -6.037789999999999824e-02
5.800000000000000034e-04 -6.031870000000000287e-02
5.899999999999999212e-04 -6.025959999999999650e-02
5.999999999999999474e-04 -6.020040000000000113e-02
6.099999999999999737e-04 -6.014119999999999883e-02
6.199999999999999999e-04 -6.008200000000000346e-02
6.300000000000000261e-04 -6.002269999999999828e-02
6.400000000000000524e-04 -5.996329999999999716e-02
6.499999999999999702e-04 -5.990380000000000010e-02
6.599999999999999964e-04 -5.984429999999999611e-02
6.700000000000000226e-04 -5.978460000000000024e-02
6.800000000000000488e-04 -5.972480000000000150e-02
6.899999999999999667e-04 -5.966489999999999988e-02
6.999999999999999929e-04 -5.960479999999999945e-02
7.099999999999999107e-04 -5.954450000000000021e-02
7.199999999999999369e-04 -5.948400000000000215e-02
7.299999999999999632e-04 -5.942340000000000122e-02
7.399999999999999894e-04 -5.936249999999999860e-02
7.500000000000000156e-04 -5.930140000000000411e-02
7.600000000000000418e-04 -5.924000000000000099e-02
7.700000000000000681e-04 -5.917830000000000312e-02
7.799999999999999859e-04 -5.911639999999999950e-02
7.900000000000000121e-04 -5.905420000000000114e-02
8.000000000000000383e-04 -5.899170000000000108e-02
8.100000000000000646e-04 -5.892880000000000340e-02
8.199999999999999824e-04 -5.886560000000000403e-02
8.300000000000000086e-04 -5.880200000000000010e-02
8.399999999999999264e-04 -5.873799999999999855e-02
8.499999999999999526e-04 -5.867359999999999937e-02
8.599999999999999789e-04 -5.860880000000000256e-02
8.700000000000000051e-04 -5.854349999999999832e-02
8.800000000000000313e-04 -5.847770000000000051e-02
8.900000000000000576e-04 -5.841149999999999815e-02
8.999999999999999754e-04 -5.834470000000000628e-02
9.100000000000000016e-04 -5.827729999999999716e-02
9.200000000000000278e-04 -5.820929999999999854e-02
9.300000000000000541e-04 -5.814070000000000349e-02
9.399999999999999719e-04 -5.807149999999999812e-02
9.499999999999999981e-04 -5.800149999999999750e-02
9.599999999999999159e-04 -5.793079999999999757e-02
9.699999999999999421e-04 -5.785939999999999833e-02
9.799999999999999684e-04 -5.778710000000000097e-02
9.899999999999999946e-04 -5.771400000000000141e-02
1.000000000000000021e-03 -5.763989999999999392e-02
1.010000000000000047e-03 -5.756479999999999930e-02
1.020000000000000073e-03 -5.748870000000000369e-02
1.030000000000000100e-03 -5.741149999999999726e-02
1.040000000000000126e-03 -5.733310000000000489e-02
1.050000000000000152e-03 -5.725350000000000578e-02
1.059999999999999961e-03 -5.717240000000000516e-02
1.069999999999999988e-03 -5.708989999999999898e-02
1.080000000000000014e-03 -5.700580000000000230e-02
1.090000000000000040e-03 -5.691999999999999837e-02
1.100000000000000066e-03 -5.683229999999999532e-02
1.110000000000000092e-03 -5.674260000000000415e-02
1.120000000000000119e-03 -5.665059999999999540e-02
1.129999999999999928e-03 -5.655609999999999804e-02
1.139999999999999954e-03 -5.645879999999999649e-02
1.149999999999999981e-03 -5.635849999999999888e-02
1.160000000000000007e-03 -5.625469999999999776e-02
1.170000000000000033e-03 -5.614689999999999959e-02
1.179999999999999842e-03 -5.603459999999999691e-02
1.189999999999999869e-03 -5.591709999999999736e-02
1.199999999999999895e-03 -5.579330000000000400e-02
1.209999999999999921e-03 -5.566209999999999908e-02
1.219999999999999947e-03 -5.552189999999999903e-02
1.229999999999999974e-03 -5.537060000000000592e-02
1.240000000000000000e-03 -5.520529999999999882e-02
1.250000000000000026e-03 -5.502200000000000146e-02
1.260000000000000052e-03 -5.481550000000000311e-02
1.270000000000000078e-03 -5.457920000000000132e-02
1.280000000000000105e-03 -5.430460000000000148e-02
1.290000000000000131e-03 -5.398149999999999477e-02
1.299999999999999940e-03 -5.359599999999999781e-02
1.309999999999999967e-03 -5.313000000000000361e-02
1.319999999999999993e-03 -5.255980000000000374e-02
1.330000000000000019e-03 -5.185850000000000182e-02
1.340000000000000045e-03 -5.099719999999999948e-02
1.350000000000000071e-03 -4.994700000000000528e-02
1.360000000000000098e-03 -4.868220000000000186e-02
1.370000000000000124e-03 -4.718739999999999740e-02
1.379999999999999933e-03 -4.546350000000000391e-02
1.389999999999999960e-03 -4.352649999999999575e-02
1.399999999999999986e-03 -4.140079999999999455e-02
1.410000000000000012e-03 -3.911300000000000193e-02
1.419999999999999821e-03 -3.668899999999999939e-02
1.429999999999999848e-03 -3.415350000000000330e-02
1.439999999999999874e-03 -3.153140000000000109e-02
1.449999999999999900e-03 -2.885000000000000064e-02
1.459999999999999926e-03 -2.613889999999999963e-02
1.469999999999999953e-03 -2.340279999999999791e-02
1.479999999999999979e-03 -2.059719999999999954e-02
1.490000000000000005e-03 -1.766219999999999943e-02
1.500000000000000031e-03 -1.452140000000000028e-02
1.510000000000000057e-03 -1.108970000000000095e-02
1.520000000000000084e-03 -7.294130000000000232e-03
1.530000000000000110e-03 -3.114589999999999980e-03
1.540000000000000136e-03 1.369280000000000063e-03
1.549999999999999946e-03 5.966510000000000390e-03
1.559999999999999972e-03 1.043009999999999944e-02
1.569999999999999998e-03 1.454579999999999936e-02
1.580000000000000024e-03 1.818509999999999918e-02
1.590000000000000050e-03 2.130320000000000130e-02
1.600000000000000077e-03 2.390919999999999851e-02
1.610000000000000103e-03 2.603669999999999943e-02
1.620000000000000129e-03 2.772449999999999914e-02
1.629999999999999939e-03 2.900700000000000153e-02
1.639999999999999965e-03 2.991049999999999959e-02
1.649999999999999991e-03 3.045370000000000021e-02
1.660000000000000017e-03 3.064859999999999807e-02
1.669999999999999827e-03 3.050359999999999877e-02
1.679999999999999853e-03 3.002490000000000020e-02
1.689999999999999879e-03 2.921970000000000123e-02
1.699999999999999905e-03 2.809850000000000195e-02
1.709999999999999932e-03 2.667630000000000001e-02
1.719999999999999958e-03 2.497500000000000067e-02
1.729999999999999984e-03 2.302370000000000111e-02
1.740000000000000010e-03 2.085869999999999738e-02
1.750000000000000036e-03 1.852199999999999680e-02
1.760000000000000063e-03 1.605859999999999926e-02
1.770000000000000089e-03 1.351350000000000121e-02
1.780000000000000115e-03 1.092740000000000031e-02
1.790000000000000141e-03 8.334229999999999763e-03
1.799999999999999951e-03 5.759310000000000124e-03
1.809999999999999977e-03 3.218889999999999859e-03
1.820000000000000003e-03 7.211290000000000408e-04
1.830000000000000029e-03 -1.732229999999999968e-03
1.840000000000000056e-03 -4.144029999999999936e-03
1.850000000000000082e-03 -6.519999999999999754e-03
1.860000000000000108e-03 -8.867319999999999716e-03
1.870000000000000134e-03 -1.119340000000000092e-02
1.879999999999999944e-03 -1.350660000000000055e-02
1.889999999999999970e-03 -1.581269999999999898e-02
1.899999999999999996e-03 -1.811319999999999944e-02
1.910000000000000022e-03 -2.040530000000000121e-02
1.919999999999999832e-03 -2.268299999999999830e-02
1.929999999999999858e-03 -2.493760000000000074e-02
1.939999999999999884e-03 -2.715769999999999990e-02
1.949999999999999910e-03 -2.933050000000000240e-02
1.959999999999999937e-03 -3.147019999999999679e-02
1.969999999999999963e-03 -3.359820000000000167e-02
1.979999999999999989e-03 -3.573340000000000544e-02
1.990000000000000015e-03 -3.789000000000000007e-02
2.000000000000000042e-03 -4.007330000000000614e-02
2.009999999999999634e-03 -4.227619999999999989e-02
2.020000000000000094e-03 -4.447559999999999708e-02
2.029999999999999687e-03 -4.663509999999999878e-02
2.040000000000000147e-03 -4.871050000000000380e-02
2.049999999999999739e-03 -5.066110000000000058e-02
2.060000000000000199e-03 -5.245649999999999619e-02
2.069999999999999792e-03 -5.408090000000000119e-02
2.080000000000000251e-03 -5.553450000000000053e-02
2.089999999999999844e-03 -5.682759999999999895e-02
2.100000000000000304e-03 -5.797580000000000094e-02
2.109999999999999896e-03 -5.899619999999999864e-02
2.119999999999999923e-03 -5.990539999999999754e-02
2.129999999999999949e-03 -6.071889999999999926e-02
2.139999999999999975e-03 -6.145010000000000056e-02
2.150000000000000001e-03 -6.211080000000000073e-02
2.160000000000000028e-03 -6.271100000000000285e-02
2.170000000000000054e-03 -6.325899999999999579e-02
2.180000000000000080e-03 -6.376170000000000448e-02
2.190000000000000106e-03 -6.422459999999999281e-02
2.200000000000000133e-03 -6.465200000000000113e-02
2.210000000000000159e-03 -6.504730000000000234e-02
2.220000000000000185e-03 -6.541310000000000180e-02
2.229999999999999778e-03 -6.575159999999999338e-02
2.240000000000000237e-03 -6.606460000000000110e-02
2.249999999999999830e-03 -6.635399999999999632e-02
2.259999999999999856e-03 -6.662120000000000541e-02
2.269999999999999882e-03 -6.686790000000000789e-02
2.279999999999999909e-03 -6.709569999999999423e-02
2.289999999999999935e-03 -6.730599999999999083e-02
2.299999999999999961e-03 -6.750029999999999919e-02
2.309999999999999987e-03 -6.768000000000000405e-02
2.320000000000000014e-03 -6.784619999999999540e-02
2.330000000000000040e-03 -6.800020000000001064e-02
2.340000000000000066e-03 -6.814299999999999524e-02
2.350000000000000092e-03 -6.827549999999998898e-02
2.359999999999999685e-03 -6.839870000000000672e-02
2.370000000000000145e-03 -6.851319999999999633e-02
2.379999999999999737e-03 -6.861969999999999181e-02
2.390000000000000197e-03 -6.871879999999999655e-02
2.399999999999999790e-03 -6.881040000000000767e-02
2.410000000000000250e-03 -6.889449999999999741e-02
2.419999999999999842e-03 -6.897190000000000265e-02
2.430000000000000302e-03 -6.904309999999999614e-02
2.439999999999999895e-03 -6.910859999999999226e-02
2.450000000000000355e-03 -6.916869999999999963e-02
2.459999999999999947e-03 -6.922390000000000487e-02
2.470000000000000407e-03 -6.927419999999999412e-02
2.480000000000000000e-03 -6.932009999999999561e-02
2.490000000000000026e-03 -6.936159999999999548e-02
2.500000000000000052e-03 -6.939910000000000523e-02
2.509999999999999645e-03 -6.943250000000000810e-02
2.520000000000000104e-03 -6.946220000000000172e-02
2.529999999999999697e-03 -6.948819999999999997e-02
2.540000000000000157e-03 -6.951069999999999471e-02
2.549999999999999750e-03 -6.952969999999999984e-02
2.560000000000000209e-03 -6.954550000000001009e-02
2.569999999999999802e-03 -6.955809999999999771e-02
2.580000000000000262e-03 -6.956759999999999333e-02
2.589999999999999854e-03 -6.957429999999999171e-02
2.599999999999999881e-03 -6.957800000000000096e-02
2.609999999999999907e-03 -6.957899999999998808e-02
2.619999999999999933e-03 -6.957750000000000046e-02
2.629999999999999959e-03 -6.957330000000000458e-02
2.639999999999999986e-03 -6.956679999999999808e-02
2.650000000000000012e-03 -6.955800000000000871e-02
2.660000000000000038e-03 -6.954689999999999483e-02
2.670000000000000064e-03 -6.953369999999998996e-02
2.680000000000000090e-03 -6.951849999999999696e-02
2.690000000000000117e-03 -6.950130000000000197e-02
2.700000000000000143e-03 -6.948229999999999684e-02
2.710000000000000169e-03 -6.946149999999999547e-02
2.720000000000000195e-03 -6.943909999999998972e-02
2.729999999999999788e-03 -6.941500000000000448e-02
2.740000000000000248e-03 -6.938949999999999285e-02
2.749999999999999840e-03 -6.936259999999999648e-02
2.759999999999999867e-03 -6.933430000000000148e-02
2.769999999999999893e-03 -6.930469999999999686e-02
2.779999999999999919e-03 -6.927389999999999937e-02
2.789999999999999945e-03 -6.924199999999999799e-02
2.799999999999999972e-03 -6.920900000000000662e-02
2.809999999999999998e-03 -6.917500000000000038e-02
2.820000000000000024e-03 -6.914010000000000988e-02
2.830000000000000050e-03 -6.910429999999999351e-02
2.839999999999999643e-03 -6.906769999999999576e-02
2.850000000000000103e-03 -6.903040000000000564e-02
2.859999999999999695e-03 -6.899230000000000640e-02
2.870000000000000155e-03 -6.895359999999998990e-02
2.879999999999999748e-03 -6.891419999999999491e-02
2.890000000000000208e-03 -6.887429999999999941e-02
2.899999999999999800e-03 -6.883390000000000342e-02
2.910000000000000260e-03 -6.879300000000000692e-02
2.919999999999999853e-03 -6.875159999999999605e-02
2.930000000000000313e-03 -6.870990000000000431e-02
2.939999999999999905e-03 -6.866780000000000106e-02
2.950000000000000365e-03 -6.862540000000000306e-02
2.959999999999999958e-03 -6.858269999999999644e-02
2.969999999999999984e-03 -6.853969999999999507e-02
2.980000000000000010e-03 -6.849660000000000470e-02
2.990000000000000036e-03 -6.845319999999999183e-02
3.000000000000000062e-03 -6.840970000000000384e-02
3.009999999999999655e-03 -6.836599999999999622e-02
3.020000000000000115e-03 -6.832219999999999960e-02
3.029999999999999707e-03 -6.827830000000000010e-02
3.040000000000000167e-03 -6.823440000000000061e-02
3.049999999999999760e-03 -6.819039999999999824e-02
3.060000000000000220e-03 -6.814639999999999587e-02
3.069999999999999812e-03 -6.810230000000000450e-02
3.080000000000000272e-03 -6.805830000000000213e-02
3.089999999999999865e-03 -6.801439999999998876e-02
3.099999999999999891e-03 -6.797040000000000026e-02
3.109999999999999917e-03 -6.792659999999998977e-02
3.119999999999999944e-03 -6.788280000000000702e-02
3.129999999999999970e-03 -6.783909999999999940e-02
3.139999999999999996e-03 -6.779550000000000853e-02
3.150000000000000022e-03 -6.775199999999999279e-02
3.160000000000000048e-03 -6.770860000000000767e-02
3.170000000000000075e-03 -6.766540000000000055e-02
3.180000000000000101e-03 -6.762239999999999918e-02
3.190000000000000127e-03 -6.757950000000000068e-02
3.200000000000000153e-03 -6.753669999999999118e-02
3.210000000000000180e-03 -6.749420000000000419e-02
3.220000000000000206e-03 -6.745180000000000620e-02
3.229999999999999798e-03 -6.740960000000000008e-02
3.240000000000000258e-03 -6.736770000000000258e-02
3.249999999999999851e-03 -6.732590000000000796e-02
3.259999999999999877e-03 -6.728440000000000809e-02
3.269999999999999903e-03 -6.724299999999999722e-02
3.279999999999999930e-03 -6.720189999999999497e-02
3.289999999999999956e-03 -6.716110000000000135e-02
3.299999999999999982e-03 -6.712039999999999673e-02
3.310000000000000008e-03 -6.708000000000000074e-02
3.320000000000000034e-03 -6.703989999999999949e-02
3.330000000000000061e-03 -6.700000000000000400e-02
3.339999999999999653e-03 -6.696030000000000038e-02
3.350000000000000113e-03 -6.692090000000000538e-02
3.359999999999999706e-03 -6.688180000000000514e-02
3.370000000000000166e-03 -6.684289999999999676e-02
3.379999999999999758e-03 -6.680429999999999702e-02
3.390000000000000218e-03 -6.676600000000000590e-02
3.399999999999999811e-03 -6.672790000000000665e-02
3.410000000000000270e-03 -6.669010000000000216e-02
3.419999999999999863e-03 -6.665260000000000629e-02
3.430000000000000323e-03 -6.661530000000000229e-02
3.439999999999999915e-03 -6.657839999999999592e-02
3.450000000000000375e-03 -6.654170000000000917e-02
3.459999999999999968e-03 -6.650520000000000043e-02
3.469999999999999994e-03 -6.646910000000000318e-02
3.480000000000000020e-03 -6.643319999999999781e-02
3.490000000000000047e-03 -6.639770000000000394e-02
3.500000000000000073e-03 -6.636239999999998807e-02
3.509999999999999665e-03 -6.632739999999999470e-02
3.520000000000000125e-03 -6.629259999999999320e-02
3.529999999999999718e-03 -6.625820000000000320e-02
3.540000000000000178e-03 -6.622400000000000508e-02
3.549999999999999770e-03 -6.619010000000000171e-02
3.560000000000000230e-03 -6.615649999999999309e-02
3.569999999999999823e-03 -6.612319999999999309e-02
3.580000000000000283e-03 -6.609020000000000172e-02
3.589999999999999875e-03 -6.605740000000000223e-02
3.599999999999999901e-03 -6.602489999999999748e-02
3.609999999999999928e-03 -6.599280000000000423e-02
3.619999999999999954e-03 -6.596089999999998899e-02
3.629999999999999980e-03 -6.592919999999999336e-02
3.640000000000000006e-03 -6.589790000000000925e-02
3.650000000000000033e-03 -6.586680000000000312e-02
3.660000000000000059e-03 -6.583599999999999175e-02
3.670000000000000085e-03 -6.580549999999998900e-02
3.680000000000000111e-03 -6.577529999999999488e-02
3.690000000000000138e-03 -6.574540000000000939e-02
3.700000000000000164e-03 -6.571570000000000189e-02
3.709999999999999756e-03 -6.568630000000000302e-02
3.720000000000000216e-03 -6.565719999999999890e-02
3.729999999999999809e-03 -6.562830000000000052e-02
3.740000000000000269e-03 -6.559969999999999690e-02
3.749999999999999861e-03 -6.557140000000000191e-02
3.759999999999999887e-03 -6.554340000000000166e-02
3.769999999999999914e-03 -6.551560000000000716e-02
3.779999999999999940e-03 -6.548810000000000742e-02
3.789999999999999966e-03 -6.546079999999999954e-02
3.799999999999999992e-03 -6.543389999999998929e-02
3.810000000000000019e-03 -6.540709999999999580e-02
3.820000000000000045e-03 -6.538069999999999993e-02
3.830000000000000071e-03 -6.535449999999999593e-02
3.839999999999999664e-03 -6.532850000000001156e-02
3.850000000000000124e-03 -6.530289999999999706e-02
3.859999999999999716e-03 -6.527739999999999931e-02
3.870000000000000176e-03 -6.525229999999999919e-02
3.879999999999999769e-03 -6.522730000000000194e-02
3.890000000000000228e-03 -6.520269999999998844e-02
3.899999999999999821e-03 -6.517829999999999457e-02
3.910000000000000281e-03 -6.515410000000000645e-02
3.919999999999999873e-03 -6.513009999999999633e-02
3.930000000000000333e-03 -6.510649999999999771e-02
3.939999999999999926e-03 -6.508300000000000196e-02
3.950000000000000386e-03 -6.505980000000000096e-02
3.959999999999999978e-03 -6.503690000000000859e-02
3.970000000000000438e-03 -6.501410000000000522e-02
3.980000000000000031e-03 -6.499160000000001047e-02
3.990000000000000491e-03 -6.496939999999999660e-02
4.000000000000000083e-03 -6.494740000000000235e-02
4.009999999999999676e-03 -6.492559999999999998e-02
4.019999999999999268e-03 -6.490399999999998948e-02
4.030000000000000596e-03 -6.488259999999999861e-02
4.040000000000000188e-03 -6.486150000000000249e-02
4.049999999999999781e-03 -6.484059999999999824e-02
4.059999999999999373e-03 -6.481999999999998874e-02
4.070000000000000701e-03 -6.479949999999999599e-02
4.080000000000000293e-03 -6.477930000000001187e-02
4.089999999999999886e-03 -6.475920000000000287e-02
4.099999999999999478e-03 -6.473940000000000250e-02
4.109999999999999938e-03 -6.471980000000000788e-02
4.120000000000000398e-03 -6.470040000000000513e-02
4.129999999999999991e-03 -6.468129999999999713e-02
4.139999999999999583e-03 -6.466230000000000588e-02
4.150000000000000043e-03 -6.464350000000000651e-02
4.160000000000000503e-03 -6.462489999999999901e-02
4.170000000000000095e-03 -6.460660000000000014e-02
4.179999999999999688e-03 -6.458839999999999026e-02
4.190000000000000148e-03 -6.457040000000000002e-02
4.200000000000000608e-03 -6.455260000000000165e-02
4.210000000000000200e-03 -6.453499999999999515e-02
4.219999999999999793e-03 -6.451760000000000828e-02
4.230000000000000253e-03 -6.450039999999999940e-02
4.239999999999999845e-03 -6.448339999999999628e-02
4.250000000000000305e-03 -6.446659999999999890e-02
4.259999999999999898e-03 -6.444990000000000441e-02
4.269999999999999490e-03 -6.443349999999999078e-02
4.279999999999999950e-03 -6.441719999999999391e-02
4.290000000000000410e-03 -6.440110000000000279e-02
4.300000000000000003e-03 -6.438510000000000066e-02
4.309999999999999595e-03 -6.436939999999999329e-02
4.320000000000000055e-03 -6.435380000000000267e-02
4.329999999999999648e-03 -6.433839999999999004e-02
4.340000000000000108e-03 -6.432309999999999417e-02
4.349999999999999700e-03 -6.430800000000000405e-02
4.360000000000000160e-03 -6.429309999999999192e-02
4.369999999999999753e-03 -6.427829999999999655e-02
4.380000000000000213e-03 -6.426380000000000980e-02
4.389999999999999805e-03 -6.424930000000000918e-02
4.400000000000000265e-03 -6.423510000000000331e-02
4.409999999999999858e-03 -6.422089999999999743e-02
4.420000000000000318e-03 -6.420700000000000018e-02
4.429999999999999910e-03 -6.419320000000000581e-02
4.440000000000000370e-03 -6.417950000000000044e-02
4.449999999999999963e-03 -6.416600000000000081e-02
4.459999999999999555e-03 -6.415260000000000407e-02
4.470000000000000015e-03 -6.413939999999999919e-02
4.480000000000000475e-03 -6.412640000000000007e-02
4.490000000000000067e-03 -6.411340000000000094e-02
4.499999999999999660e-03 -6.410069999999999657e-02
4.510000000000000120e-03 -6.408799999999999220e-02
4.519999999999999712e-03 -6.407550000000000745e-02
4.530000000000000172e-03 -6.406310000000001170e-02
4.539999999999999765e-03 -6.405089999999999395e-02
4.550000000000000225e-03 -6.403879999999999295e-02
4.559999999999999817e-03 -6.402679999999999483e-02
4.570000000000000277e-03 -6.401500000000000246e-02
4.579999999999999870e-03 -6.400329999999999908e-02
4.589999999999999462e-03 -6.399169999999999858e-02
4.599999999999999922e-03 -6.398020000000000096e-02
4.610000000000000382e-03 -6.396889999999999521e-02
4.619999999999999975e-03 -6.395770000000000621e-02
4.629999999999999567e-03 -6.394659999999999234e-02
4.640000000000000027e-03 -6.393559999999999521e-02
4.650000000000000487e-03 -6.392480000000000384e-02
4.660000000000000080e-03 -6.391410000000000147e-02
4.669999999999999672e-03 -6.390339999999999909e-02
4.680000000000000132e-03 -6.389290000000000247e-02
4.690000000000000592e-03 -6.388249999999999484e-02
4.700000000000000185e-03 -6.387230000000000685e-02
4.709999999999999777e-03 -6.386210000000000497e-02
4.719999999999999370e-03 -6.385199999999999210e-02
4.730000000000000697e-03 -6.384209999999999885e-02
4.740000000000000289e-03 -6.383220000000000560e-02
4.749999999999999882e-03 -6.382250000000000423e-02
4.759999999999999475e-03 -6.381280000000000285e-02
4.769999999999999934e-03 -6.380329999999999335e-02
4.780000000000000394e-03 -6.379379999999999773e-02
4.789999999999999987e-03 -6.378450000000000786e-02
4.799999999999999580e-03 -6.377520000000000411e-02
4.810000000000000039e-03 -6.376610000000000611e-02
4.820000000000000499e-03 -6.375699999999999423e-02
4.830000000000000092e-03 -6.374810000000000199e-02
4.839999999999999684e-03 -6.373919999999999586e-02
4.849999999999999277e-03 -6.373040000000000649e-02
4.860000000000000604e-03 -6.372169999999999224e-02
4.870000000000000197e-03 -6.371309999999999474e-02
4.879999999999999789e-03 -6.370460000000000012e-02
4.889999999999999382e-03 -6.369619999999999449e-02
4.900000000000000709e-03 -6.368780000000000274e-02
4.910000000000000302e-03 -6.367960000000000287e-02
4.919999999999999894e-03 -6.367140000000000299e-02
4.929999999999999487e-03 -6.366330000000000600e-02
4.940000000000000814e-03 -6.365529999999999800e-02
4.950000000000000407e-03 -6.364739999999999287e-02
4.959999999999999999e-03 -6.363950000000000162e-02
4.969999999999999592e-03 -6.363169999999999937e-02
4.980000000000000052e-03 -6.362400000000000000e-02
4.990000000000000512e-03 -6.361640000000000350e-02
5.000000000000000104e-03 -6.360880000000000700e-02
5.009999999999999697e-03 -6.360129999999999950e-02
5.019999999999999289e-03 -6.359389999999999488e-02
5.030000000000000616e-03 -6.358659999999999313e-02
5.040000000000000209e-03 -6.357930000000000526e-02
5.049999999999999802e-03 -6.357209999999999250e-02
5.059999999999999394e-03 -6.356490000000000751e-02
5.069999999999999854e-03 -6.355790000000000051e-02
5.080000000000000314e-03 -6.355080000000000451e-02
5.089999999999999906e-03 -6.354390000000000038e-02
5.099999999999999499e-03 -6.353699999999999626e-02
5.109999999999999959e-03 -6.353019999999999501e-02
5.120000000000000419e-03 -6.352340000000000764e-02
5.130000000000000011e-03 -6.351669999999999539e-02
5.139999999999999604e-03 -6.351009999999999989e-02
5.150000000000000064e-03 -6.350350000000000439e-02
5.160000000000000524e-03 -6.349689999999999501e-02
5.170000000000000116e-03 -6.349049999999999139e-02
5.179999999999999709e-03 -6.348399999999999876e-02
5.190000000000000169e-03 -6.347769999999999802e-02
5.199999999999999761e-03 -6.347139999999999727e-02
5.210000000000000221e-03 -6.346509999999999652e-02
5.219999999999999814e-03 -6.345889999999999864e-02
5.230000000000000274e-03 -6.345270000000000077e-02
5.239999999999999866e-03 -6.344659999999999189e-02
5.250000000000000326e-03 -6.344049999999999689e-02
5.259999999999999919e-03 -6.343450000000000477e-02
5.269999999999999511e-03 -6.342849999999999877e-02
5.279999999999999971e-03 -6.342260000000000952e-02
5.290000000000000431e-03 -6.341669999999999252e-02
5.300000000000000024e-03 -6.341089999999999227e-02
5.309999999999999616e-03 -6.340509999999999202e-02
5.320000000000000076e-03 -6.339929999999999177e-02
5.329999999999999669e-03 -6.339359999999999440e-02
5.340000000000000129e-03 -6.338789999999999702e-02
5.349999999999999721e-03 -6.338219999999999965e-02
5.360000000000000181e-03 -6.337660000000000515e-02
5.369999999999999774e-03 -6.337109999999999965e-02
5.380000000000000233e-03 -6.336549999999999128e-02
5.389999999999999826e-03 -6.335999999999999965e-02
5.400000000000000286e-03 -6.335459999999999703e-02
5.409999999999999878e-03 -6.334910000000000541e-02
5.420000000000000338e-03 -6.334370000000000278e-02
5.429999999999999931e-03 -6.333830000000000016e-02
5.440000000000000391e-03 -6.333300000000000041e-02
5.449999999999999983e-03 -6.332770000000000066e-02
5.459999999999999576e-03 -6.332240000000000091e-02
5.470000000000000036e-03 -6.331710000000000116e-02
5.480000000000000496e-03 -6.331190000000000428e-02
5.490000000000000088e-03 -6.330669999999999353e-02
5.499999999999999681e-03 -6.330149999999999666e-02
5.510000000000000141e-03 -6.329640000000000266e-02
5.519999999999999733e-03 -6.329120000000000579e-02
5.530000000000000193e-03 -6.328609999999999791e-02
5.539999999999999786e-03 -6.328100000000000391e-02
5.550000000000000246e-03 -6.327589999999999604e-02
5.559999999999999838e-03 -6.327089999999999104e-02
5.570000000000000298e-03 -6.326589999999999991e-02
5.579999999999999891e-03 -6.326080000000000592e-02
5.589999999999999483e-03 -6.325580000000000092e-02
5.599999999999999943e-03 -6.325079999999999592e-02
5.610000000000000403e-03 -6.324589999999999379e-02
5.619999999999999996e-03 -6.324090000000000267e-02
5.629999999999999588e-03 -6.323589999999999767e-02
5.640000000000000048e-03 -6.323099999999999554e-02
5.650000000000000508e-03 -6.322610000000000730e-02
5.660000000000000100e-03 -6.322120000000000517e-02
5.669999999999999693e-03 -6.321620000000000017e-02
5.679999999999999286e-03 -6.321129999999999804e-02
5.690000000000000613e-03 -6.320639999999999592e-02
5.700000000000000205e-03 -6.320150000000000767e-02
5.709999999999999798e-03 -6.319669999999999455e-02
5.719999999999999390e-03 -6.319180000000000630e-02
5.730000000000000718e-03 -6.318690000000000417e-02
5.740000000000000310e-03 -6.318200000000000205e-02
5.749999999999999903e-03 -6.317709999999999992e-02
5.759999999999999495e-03 -6.317219999999999780e-02
5.769999999999999955e-03 -6.316729999999999567e-02
5.780000000000000415e-03 -6.316239999999999355e-02
5.790000000000000008e-03 -6.315750000000000530e-02
5.799999999999999600e-03 -6.315260000000000318e-02
5.809999999999999193e-03 -6.314770000000000105e-02
5.820000000000000520e-03 -6.314279999999999893e-02
5.830000000000000113e-03 -6.313779999999999393e-02
5.839999999999999705e-03 -6.313290000000000568e-02
5.849999999999999298e-03 -6.312790000000000068e-02
5.860000000000000625e-03 -6.312289999999999568e-02
5.870000000000000218e-03 -6.311790000000000456e-02
5.879999999999999810e-03 -6.311289999999999956e-02
5.889999999999999403e-03 -6.310789999999999456e-02
5.900000000000000730e-03 -6.310280000000000056e-02
5.910000000000000323e-03 -6.309779999999999556e-02
5.919999999999999915e-03 -6.309270000000000156e-02
5.929999999999999508e-03 -6.308750000000000469e-02
5.939999999999999968e-03 -6.308239999999999681e-02
5.950000000000000427e-03 -6.307719999999999994e-02
5.960000000000000020e-03 -6.307200000000000306e-02
5.969999999999999613e-03 -6.306670000000000331e-02
5.980000000000000072e-03 -6.306150000000000644e-02
5.990000000000000532e-03 -6.305610000000000381e-02
6.000000000000000125e-03 -6.305080000000000406e-02
6.009999999999999717e-03 -6.304540000000000144e-02
6.019999999999999310e-03 -6.303990000000000982e-02
6.030000000000000637e-03 -6.303440000000000432e-02
6.040000000000000230e-03 -6.302889999999999882e-02
6.049999999999999822e-03 -6.302330000000000432e-02
6.059999999999999415e-03 -6.301769999999999594e-02
6.069999999999999875e-03 -6.301199999999999857e-02
6.080000000000000335e-03 -6.300619999999999832e-02
6.089999999999999927e-03 -6.300039999999999807e-02
6.099999999999999520e-03 -6.299450000000000882e-02
6.109999999999999980e-03 -6.298859999999999182e-02
6.120000000000000440e-03 -6.298259999999999970e-02
6.130000000000000032e-03 -6.297650000000000470e-02
6.139999999999999625e-03 -6.297030000000000682e-02
6.150000000000000085e-03 -6.296399999999999220e-02
6.160000000000000545e-03 -6.295770000000000532e-02
6.170000000000000137e-03 -6.295130000000000170e-02
6.179999999999999730e-03 -6.294469999999999232e-02
6.190000000000000190e-03 -6.293809999999999683e-02
6.199999999999999782e-03 -6.293139999999999845e-02
6.210000000000000242e-03 -6.292450000000000820e-02
6.219999999999999835e-03 -6.291760000000000408e-02
6.230000000000000294e-03 -6.291049999999999420e-02
6.239999999999999887e-03 -6.290329999999999533e-02
6.250000000000000347e-03 -6.289600000000000746e-02
6.259999999999999939e-03 -6.288849999999999996e-02
6.269999999999999532e-03 -6.288090000000000346e-02
6.279999999999999992e-03 -6.287310000000000121e-02
6.290000000000000452e-03 -6.286519999999999608e-02
6.300000000000000044e-03 -6.285709999999999908e-02
6.309999999999999637e-03 -6.284879999999999634e-02
6.320000000000000097e-03 -6.284040000000000459e-02
6.329999999999999689e-03 -6.283170000000000421e-02
6.340000000000000149e-03 -6.282279999999999809e-02
6.349999999999999742e-03 -6.281370000000000009e-02
6.360000000000000202e-03 -6.280429999999999346e-02
6.369999999999999794e-03 -6.279469999999999497e-02
6.380000000000000254e-03 -6.278490000000000459e-02
6.389999999999999847e-03 -6.277470000000000272e-02
6.400000000000000307e-03 -6.276420000000000610e-02
6.409999999999999899e-03 -6.275340000000000085e-02
6.420000000000000359e-03 -6.274230000000000085e-02
6.429999999999999952e-03 -6.273080000000000322e-02
6.440000000000000412e-03 -6.271889999999999410e-02
6.450000000000000004e-03 -6.270649999999999835e-02
6.459999999999999597e-03 -6.269370000000000498e-02
6.470000000000000057e-03 -6.268039999999999723e-02
6.480000000000000517e-03 -6.266660000000000286e-02
6.490000000000000109e-03 -6.265220000000000511e-02
6.499999999999999702e-03 -6.263710000000000111e-02
6.510000000000000162e-03 -6.262130000000000474e-02
6.519999999999999754e-03 -6.260469999999999924e-02
6.530000000000000214e-03 -6.258729999999999849e-02
6.539999999999999807e-03 -6.256899999999999962e-02
6.549999999999999399e-03 -6.254950000000000787e-02
6.559999999999999859e-03 -6.252889999999999837e-02
6.570000000000000319e-03 -6.250699999999999312e-02
6.579999999999999911e-03 -6.248349999999999738e-02
6.589999999999999504e-03 -6.245819999999999844e-02
6.599999999999999964e-03 -6.243100000000000038e-02
6.610000000000000424e-03 -6.240129999999999982e-02
6.620000000000000016e-03 -6.236880000000000202e-02
6.629999999999999609e-03 -6.233290000000000358e-02
6.640000000000000069e-03 -6.229280000000000234e-02
6.650000000000000529e-03 -6.224750000000000422e-02
6.660000000000000121e-03 -6.219569999999999960e-02
6.669999999999999714e-03 -6.213550000000000323e-02
6.679999999999999306e-03 -6.206450000000000161e-02
6.690000000000000634e-03 -6.197969999999999868e-02
6.700000000000000226e-03 -6.187709999999999738e-02
6.709999999999999819e-03 -6.175180000000000252e-02
6.719999999999999411e-03 -6.159709999999999491e-02
6.730000000000000739e-03 -6.140339999999999687e-02
6.740000000000000331e-03 -6.115849999999999759e-02
6.749999999999999924e-03 -6.084689999999999543e-02
6.759999999999999516e-03 -6.045150000000000523e-02
6.769999999999999976e-03 -5.995500000000000135e-02
6.780000000000000436e-03 -5.934140000000000248e-02
6.790000000000000029e-03 -5.859559999999999769e-02
6.799999999999999621e-03 -5.770280000000000548e-02
6.809999999999999214e-03 -5.664759999999999934e-02
6.820000000000000541e-03 -5.541870000000000129e-02
6.830000000000000134e-03 -5.401330000000000020e-02
6.839999999999999726e-03 -5.243950000000000000e-02
6.849999999999999319e-03 -5.071420000000000095e-02
6.860000000000000646e-03 -4.885880000000000084e-02
6.870000000000000238e-03 -4.689549999999999969e-02
6.879999999999999831e-03 -4.484400000000000192e-02
6.889999999999999424e-03 -4.272059999999999746e-02
6.900000000000000751e-03 -4.053770000000000290e-02
6.910000000000000343e-03 -3.830490000000000284e-02
6.919999999999999936e-03 -3.603100000000000053e-02
6.929999999999999528e-03 -3.372599999999999903e-02
6.939999999999999988e-03 -3.140260000000000273e-02
6.950000000000000448e-03 -2.907770000000000146e-02
6.960000000000000041e-03 -2.677189999999999778e-02
6.969999999999999633e-03 -2.449630000000000210e-02
6.980000000000000093e-03 -2.221009999999999998e-02
6.990000000000000553e-03 -1.986599999999999824e-02
7.000000000000000146e-03 -1.740879999999999858e-02
7.009999999999999738e-03 -1.477720000000000075e-02
7.019999999999999331e-03 -1.191249999999999948e-02
7.030000000000000658e-03 -8.775210000000000302e-03
7.040000000000000251e-03 -5.362759999999999402e-03
7.049999999999999843e-03 -1.721030000000000129e-03
7.059999999999999436e-03 2.021699999999999973e-03
7.069999999999999896e-03 5.683520000000000065e-03
7.080000000000000356e-03 9.085740000000000136e-03
7.089999999999999948e-03 1.210190000000000050e-02
7.099999999999999541e-03 1.467290000000000087e-02
7.110000000000000001e-03 1.679350000000000287e-02
7.120000000000000460e-03 1.849040000000000059e-02
7.130000000000000053e-03 1.980329999999999938e-02
7.139999999999999646e-03 2.077319999999999861e-02
7.150000000000000105e-03 2.143700000000000119e-02
7.160000000000000565e-03 2.182519999999999946e-02
7.170000000000000158e-03 2.196239999999999998e-02
7.179999999999999750e-03 2.186789999999999914e-02
7.190000000000000210e-03 2.155740000000000087e-02
7.199999999999999803e-03 2.104380000000000139e-02
7.210000000000000263e-03 2.033909999999999885e-02
7.219999999999999855e-03 1.945469999999999838e-02
7.230000000000000315e-03 1.840249999999999872e-02
7.239999999999999908e-03 1.719539999999999957e-02
7.250000000000000368e-03 1.584740000000000107e-02
7.259999999999999960e-03 1.437400000000000136e-02
7.269999999999999553e-03 1.279130000000000024e-02
7.280000000000000013e-03 1.111589999999999974e-02
7.289999999999999605e-03 9.363979999999999179e-03
7.300000000000000065e-03 7.550740000000000229e-03
7.309999999999999658e-03 5.689650000000000089e-03
7.320000000000000118e-03 3.792119999999999953e-03
7.329999999999999710e-03 1.867310000000000064e-03
7.340000000000000170e-03 -7.783239999999999701e-05
7.349999999999999763e-03 -2.038499999999999947e-03
7.360000000000000223e-03 -4.011790000000000321e-03
7.369999999999999815e-03 -5.996480000000000213e-03
7.380000000000000275e-03 -7.992769999999999736e-03
7.389999999999999868e-03 -1.000209999999999988e-02
7.400000000000000328e-03 -1.202640000000000133e-02
7.409999999999999920e-03 -1.405569999999999910e-02
7.419999999999999513e-03 -1.608189999999999967e-02
7.429999999999999973e-03 -1.809880000000000169e-02
7.440000000000000432e-03 -2.010110000000000022e-02
7.450000000000000025e-03 -2.208350000000000243e-02
7.459999999999999618e-03 -2.404090000000000046e-02
7.470000000000000077e-03 -2.596760000000000040e-02
7.480000000000000537e-03 -2.785780000000000201e-02
7.490000000000000130e-03 -2.971019999999999911e-02
7.499999999999999722e-03 -3.154960000000000403e-02
7.510000000000000182e-03 -3.339849999999999763e-02
7.519999999999999775e-03 -3.527649999999999536e-02
7.530000000000000235e-03 -3.719909999999999883e-02
7.539999999999999827e-03 -3.917459999999999692e-02
7.549999999999999420e-03 -4.120170000000000082e-02
7.559999999999999880e-03 -4.326659999999999534e-02
7.570000000000000340e-03 -4.534230000000000205e-02
7.579999999999999932e-03 -4.739119999999999444e-02
7.589999999999999525e-03 -4.937259999999999566e-02
7.599999999999999985e-03 -5.125070000000000320e-02
7.610000000000000445e-03 -5.300150000000000000e-02
7.620000000000000037e-03 -5.461470000000000213e-02
7.629999999999999630e-03 -5.609150000000000247e-02
7.640000000000000090e-03 -5.744049999999999850e-02
7.650000000000000550e-03 -5.867369999999999530e-02
7.660000000000000142e-03 -5.980409999999999893e-02
7.669999999999999735e-03 -6.084320000000000006e-02
7.679999999999999327e-03 -6.180080000000000295e-02
7.690000000000000654e-03 -6.268450000000000411e-02
7.700000000000000247e-03 -6.350000000000000089e-02
7.709999999999999840e-03 -6.425149999999998918e-02
7.719999999999999432e-03 -6.494270000000000598e-02
7.730000000000000759e-03 -6.557640000000000691e-02
7.740000000000000352e-03 -6.615560000000000884e-02
7.749999999999999944e-03 -6.668340000000000378e-02
7.759999999999999537e-03 -6.716270000000000573e-02
7.769999999999999997e-03 -6.759679999999999855e-02
7.780000000000000457e-03 -6.798869999999999914e-02
7.790000000000000049e-03 -6.834160000000000235e-02
7.799999999999999642e-03 -6.865860000000000019e-02
7.809999999999999235e-03 -6.894240000000000090e-02
7.820000000000000562e-03 -6.919599999999999362e-02
7.830000000000000154e-03 -6.942180000000000573e-02
7.839999999999999747e-03 -6.962229999999999808e-02
7.849999999999999339e-03 -6.979960000000000331e-02
7.860000000000000667e-03 -6.995590000000000142e-02
7.870000000000000259e-03 -7.009300000000000253e-02
7.879999999999999852e-03 -7.021260000000000001e-02
7.889999999999999444e-03 -7.031629999999999825e-02
7.900000000000000772e-03 -7.040560000000001262e-02
7.910000000000000364e-03 -7.048170000000000823e-02
7.919999999999999957e-03 -7.054580000000000573e-02
7.929999999999999549e-03 -7.059910000000001185e-02
7.940000000000000877e-03 -7.064249999999999696e-02
7.950000000000000469e-03 -7.067690000000000083e-02
7.960000000000000062e-03 -7.070319999999999383e-02
7.969999999999999654e-03 -7.072209999999999608e-02
7.980000000000000981e-03 -7.073419999999999708e-02
7.990000000000000574e-03 -7.074030000000000595e-02
8.000000000000000167e-03 -7.074079999999999258e-02
8.009999999999999759e-03 -7.073630000000000195e-02
8.019999999999999352e-03 -7.072729999999999295e-02
8.029999999999998944e-03 -7.071420000000000483e-02
8.039999999999998537e-03 -7.069740000000000746e-02
8.049999999999999864e-03 -7.067719999999999558e-02
8.060000000000001191e-03 -7.065389999999999171e-02
8.070000000000000784e-03 -7.062799999999999634e-02
8.080000000000000376e-03 -7.059959999999999847e-02
8.089999999999999969e-03 -7.056900000000000672e-02
8.099999999999999561e-03 -7.053639999999999910e-02
8.109999999999999154e-03 -7.050199999999999523e-02
8.119999999999998747e-03 -7.046610000000000373e-02
8.130000000000000074e-03 -7.042870000000001074e-02
8.140000000000001401e-03 -7.039019999999998611e-02
8.150000000000000994e-03 -7.035049999999999637e-02
8.160000000000000586e-03 -7.030979999999999175e-02
8.170000000000000179e-03 -7.026829999999999188e-02
8.179999999999999771e-03 -7.022609999999999963e-02
8.189999999999999364e-03 -7.018330000000000402e-02
8.199999999999998956e-03 -7.013989999999999114e-02
8.210000000000000284e-03 -7.009610000000000840e-02
8.219999999999999876e-03 -7.005190000000000028e-02
8.230000000000001203e-03 -7.000739999999999741e-02
8.240000000000000796e-03 -6.996259999999999979e-02
8.250000000000000389e-03 -6.991769999999999929e-02
8.259999999999999981e-03 -6.987260000000000693e-02
8.269999999999999574e-03 -6.982750000000000068e-02
8.279999999999999166e-03 -6.978230000000000544e-02
8.289999999999998759e-03 -6.973719999999999919e-02
8.300000000000000086e-03 -6.969199999999999007e-02
8.309999999999999679e-03 -6.964700000000000057e-02
8.320000000000001006e-03 -6.960209999999998620e-02
8.330000000000000598e-03 -6.955730000000000246e-02
8.340000000000000191e-03 -6.951260000000000772e-02
8.349999999999999784e-03 -6.946819999999999384e-02
8.359999999999999376e-03 -6.942389999999999672e-02
8.369999999999998969e-03 -6.937990000000000823e-02
8.380000000000000296e-03 -6.933609999999999773e-02
8.389999999999999888e-03 -6.929250000000000687e-02
8.400000000000001216e-03 -6.924919999999999687e-02
8.410000000000000808e-03 -6.920619999999999550e-02
8.420000000000000401e-03 -6.916350000000000275e-02
8.429999999999999993e-03 -6.912100000000000188e-02
8.439999999999999586e-03 -6.907889999999999864e-02
8.449999999999999178e-03 -6.903700000000000114e-02
8.460000000000000506e-03 -6.899550000000000127e-02
8.470000000000000098e-03 -6.895430000000001003e-02
8.479999999999999691e-03 -6.891339999999999966e-02
8.490000000000001018e-03 -6.887279999999999791e-02
8.500000000000000611e-03 -6.883259999999999379e-02
8.510000000000000203e-03 -6.879269999999999829e-02
8.519999999999999796e-03 -6.875309999999999755e-02
8.529999999999999388e-03 -6.871389999999999443e-02
8.539999999999998981e-03 -6.867499999999999993e-02
8.550000000000000308e-03 -6.863640000000000019e-02
8.559999999999999901e-03 -6.859820000000001194e-02
8.569999999999999493e-03 -6.856030000000000457e-02
8.580000000000000820e-03 -6.852270000000000583e-02
8.590000000000000413e-03 -6.848550000000000471e-02
8.600000000000000006e-03 -6.844859999999999833e-02
8.609999999999999598e-03 -6.841200000000000059e-02
8.619999999999999191e-03 -6.837580000000000047e-02
8.630000000000000518e-03 -6.833979999999999222e-02
8.640000000000000110e-03 -6.830429999999999835e-02
8.649999999999999703e-03 -6.826900000000001023e-02
8.659999999999999296e-03 -6.823409999999999198e-02
8.670000000000000623e-03 -6.819939999999999336e-02
8.680000000000000215e-03 -6.816509999999999236e-02
8.689999999999999808e-03 -6.813120000000000287e-02
8.699999999999999400e-03 -6.809749999999999137e-02
8.710000000000000728e-03 -6.806410000000000238e-02
8.720000000000000320e-03 -6.803109999999999713e-02
8.729999999999999913e-03 -6.799829999999999763e-02
8.739999999999999505e-03 -6.796590000000000964e-02
8.750000000000000833e-03 -6.793380000000000252e-02
8.760000000000000425e-03 -6.790190000000000115e-02
8.770000000000000018e-03 -6.787039999999999740e-02
8.779999999999999610e-03 -6.783920000000000228e-02
8.789999999999999203e-03 -6.780819999999999903e-02
8.800000000000000530e-03 -6.777750000000000441e-02
8.810000000000000123e-03 -6.774710000000000454e-02
8.819999999999999715e-03 -6.771710000000000229e-02
8.829999999999999308e-03 -6.768720000000000292e-02
8.840000000000000635e-03 -6.765770000000000117e-02
8.850000000000000228e-03 -6.762840000000000518e-02
8.859999999999999820e-03 -6.759940000000000393e-02
8.869999999999999413e-03 -6.757069999999999743e-02
8.880000000000000740e-03 -6.754229999999999956e-02
8.890000000000000333e-03 -6.751409999999999356e-02
8.899999999999999925e-03 -6.748609999999999332e-02
8.909999999999999518e-03 -6.745850000000000457e-02
8.919999999999999110e-03 -6.743109999999999382e-02
8.930000000000000437e-03 -6.740389999999998882e-02
8.940000000000000030e-03 -6.737699999999999245e-02
8.949999999999999623e-03 -6.735039999999999083e-02
8.960000000000000950e-03 -6.732399999999999496e-02
8.970000000000000542e-03 -6.729779999999999096e-02
8.980000000000000135e-03 -6.727189999999999559e-02
8.989999999999999727e-03 -6.724620000000000597e-02
8.999999999999999320e-03 -6.722079999999999722e-02
9.010000000000000647e-03 -6.719559999999999422e-02
9.020000000000000240e-03 -6.717059999999999698e-02
9.029999999999999832e-03 -6.714589999999999448e-02
9.039999999999999425e-03 -6.712139999999999773e-02
9.050000000000000752e-03 -6.709709999999999286e-02
9.060000000000000345e-03 -6.707299999999999374e-02
9.069999999999999937e-03 -6.704920000000000324e-02
9.079999999999999530e-03 -6.702559999999999074e-02
9.089999999999999122e-03 -6.700219999999999787e-02
9.100000000000000450e-03 -6.697899999999999687e-02
9.110000000000000042e-03 -6.695600000000000163e-02
9.119999999999999635e-03 -6.693330000000000113e-02
9.130000000000000962e-03 -6.691070000000000351e-02
9.140000000000000555e-03 -6.688840000000000063e-02
9.150000000000000147e-03 -6.686629999999998963e-02
9.159999999999999740e-03 -6.684439999999999826e-02
9.169999999999999332e-03 -6.682259999999999589e-02
9.179999999999998925e-03 -6.680110000000000214e-02
9.190000000000000252e-03 -6.677980000000000027e-02
9.199999999999999845e-03 -6.675870000000000415e-02
9.210000000000001172e-03 -6.673769999999999702e-02
9.220000000000000764e-03 -6.671699999999999853e-02
9.230000000000000357e-03 -6.669640000000000291e-02
9.239999999999999949e-03 -6.667610000000000203e-02
9.249999999999999542e-03 -6.665590000000000404e-02
9.259999999999999135e-03 -6.663590000000001179e-02
9.269999999999998727e-03 -6.661609999999999754e-02
9.280000000000000054e-03 -6.659650000000000292e-02
9.289999999999999647e-03 -6.657699999999999729e-02
9.300000000000000974e-03 -6.655780000000000030e-02
9.310000000000000567e-03 -6.653870000000000617e-02
9.320000000000000159e-03 -6.651980000000000393e-02
9.329999999999999752e-03 -6.650100000000000455e-02
9.339999999999999344e-03 -6.648249999999999993e-02
9.349999999999998937e-03 -6.646409999999999818e-02
9.360000000000000264e-03 -6.644589999999998831e-02
9.369999999999999857e-03 -6.642780000000000906e-02
9.380000000000001184e-03 -6.640989999999999394e-02
9.390000000000000777e-03 -6.639219999999999844e-02
9.400000000000000369e-03 -6.637460000000000582e-02
9.409999999999999962e-03 -6.635720000000000507e-02
9.419999999999999554e-03 -6.633989999999999332e-02
9.429999999999999147e-03 -6.632280000000000120e-02
9.439999999999998739e-03 -6.630590000000000095e-02
9.450000000000000067e-03 -6.628910000000000358e-02
9.460000000000001394e-03 -6.627249999999999808e-02
9.470000000000000986e-03 -6.625599999999999545e-02
9.480000000000000579e-03 -6.623969999999999858e-02
9.490000000000000172e-03 -6.622350000000000458e-02
9.499999999999999764e-03 -6.620750000000000246e-02
9.509999999999999357e-03 -6.619159999999998933e-02
9.519999999999998949e-03 -6.617589999999999584e-02
9.529999999999998542e-03 -6.616030000000000522e-02
9.539999999999999869e-03 -6.614490000000000647e-02
9.550000000000001196e-03 -6.612959999999999672e-02
9.560000000000000789e-03 -6.611440000000000372e-02
9.570000000000000381e-03 -6.609940000000000260e-02
9.579999999999999974e-03 -6.608450000000000435e-02
9.589999999999999566e-03 -6.606969999999999510e-02
9.599999999999999159e-03 -6.605509999999999160e-02
9.609999999999998752e-03 -6.604059999999999098e-02
9.620000000000000079e-03 -6.602620000000000711e-02
9.630000000000001406e-03 -6.601200000000000123e-02
9.640000000000000999e-03 -6.599789999999999823e-02
9.650000000000000591e-03 -6.598400000000000098e-02
9.660000000000000184e-03 -6.597010000000000374e-02
9.669999999999999776e-03 -6.595639999999999836e-02
9.679999999999999369e-03 -6.594280000000000974e-02
9.689999999999998961e-03 -6.592929999999999624e-02
9.699999999999998554e-03 -6.591600000000000237e-02
9.710000000000001616e-03 -6.590279999999999749e-02
9.720000000000001208e-03 -6.588970000000000937e-02
9.730000000000000801e-03 -6.587669999999999637e-02
9.740000000000000394e-03 -6.586380000000000012e-02
9.749999999999999986e-03 -6.585109999999999575e-02
9.759999999999999579e-03 -6.583849999999999425e-02
9.769999999999999171e-03 -6.582590000000000663e-02
9.779999999999998764e-03 -6.581350000000001088e-02
9.789999999999998356e-03 -6.580129999999999313e-02
9.800000000000001418e-03 -6.578910000000000313e-02
9.810000000000001011e-03 -6.577700000000000213e-02
9.820000000000000603e-03 -6.576500000000000401e-02
9.830000000000000196e-03 -6.575320000000001164e-02
9.839999999999999789e-03 -6.574150000000000826e-02
9.849999999999999381e-03 -6.572979999999999101e-02
9.859999999999998974e-03 -6.571829999999999339e-02
9.869999999999998566e-03 -6.570689999999999864e-02
9.880000000000001628e-03 -6.569549999999999002e-02
9.890000000000001221e-03 -6.568429999999998714e-02
9.900000000000000813e-03 -6.567320000000000102e-02
9.910000000000000406e-03 -6.566220000000000390e-02
9.919999999999999998e-03 -6.565130000000000965e-02
9.929999999999999591e-03 -6.564040000000000152e-02
9.939999999999999183e-03 -6.562969999999999915e-02
9.949999999999998776e-03 -6.561909999999999965e-02
9.960000000000000103e-03 -6.560859999999998915e-02
9.970000000000001431e-03 -6.559810000000000640e-02
9.980000000000001023e-03 -6.558780000000000165e-02
9.990000000000000616e-03 -6.557749999999999690e-02
1.000000000000000021e-02 -6.556740000000001178e-02
