0.000000000000000000e+00 -6.500000000000000222e-02
1.000000000000000082e-05 -6.477230000000000487e-02
2.000000000000000164e-05 -6.459180000000000477e-02
2.999999999999999737e-05 -6.443279999999999841e-02
4.000000000000000327e-05 -6.428820000000000368e-02
5.000000000000000240e-05 -6.415410000000000557e-02
5.999999999999999474e-05 -6.402819999999999345e-02
7.000000000000000742e-05 -6.390890000000000459e-02
8.000000000000000654e-05 -6.379519999999999635e-02
8.999999999999999212e-05 -6.368619999999999837e-02
1.000000000000000048e-04 -6.358120000000000438e-02
1.100000000000000039e-04 -6.347980000000000289e-02
1.199999999999999895e-04 -6.338159999999999628e-02
1.300000000000000157e-04 -6.328620000000000079e-02
1.400000000000000148e-04 -6.319329999999999392e-02
1.499999999999999869e-04 -6.310269999999999768e-02
1.600000000000000131e-04 -6.301420000000000632e-02
1.700000000000000122e-04 -6.292770000000000308e-02
1.799999999999999842e-04 -6.284290000000000709e-02
1.900000000000000105e-04 -6.275970000000000160e-02
2.000000000000000096e-04 -6.267810000000000048e-02
2.099999999999999816e-04 -6.259779999999999511e-02
2.200000000000000078e-04 -6.251879999999999937e-02
2.300000000000000070e-04 -6.244109999999999938e-02
2.399999999999999790e-04 -6.236440000000000039e-02
2.500000000000000052e-04 -6.228880000000000527e-02
2.600000000000000314e-04 -6.221419999999999728e-02
2.700000000000000035e-04 -6.214050000000000129e-02
2.800000000000000297e-04 -6.206760000000000055e-02
2.900000000000000017e-04 -6.199560000000000487e-02
2.999999999999999737e-04 -6.192430000000000156e-02
3.099999999999999999e-04 -6.185370000000000451e-02
3.200000000000000262e-04 -6.178370000000000389e-02
3.299999999999999982e-04 -6.171439999999999565e-02
3.400000000000000244e-04 -6.164560000000000178e-02
3.499999999999999964e-04 -6.157739999999999742e-02
3.599999999999999685e-04 -6.150959999999999761e-02
3.699999999999999947e-04 -6.144240000000000118e-02
3.800000000000000209e-04 -6.137549999999999950e-02
3.899999999999999929e-04 -6.130899999999999544e-02
4.000000000000000192e-04 -6.124299999999999883e-02
4.099999999999999912e-04 -6.117720000000000102e-02
4.199999999999999632e-04 -6.111180000000000084e-02
4.299999999999999894e-04 -6.104659999999999948e-02
4.400000000000000157e-04 -6.098169999999999980e-02
4.499999999999999877e-04 -6.091709999999999486e-02
4.600000000000000139e-04 -6.085259999999999975e-02
4.699999999999999859e-04 -6.078829999999999650e-02
4.799999999999999580e-04 -6.072430000000000189e-02
4.899999999999999842e-04 -6.066030000000000033e-02
5.000000000000000104e-04 -6.059649999999999759e-02
5.100000000000000366e-04 -6.053280000000000466e-02
5.200000000000000629e-04 -6.046909999999999785e-02
5.299999999999999807e-04 -6.040559999999999680e-02
5.400000000000000069e-04 -6.034199999999999980e-02
5.500000000000000331e-04 -6.027849999999999875e-02
5.600000000000000594e-04 -6.021510000000000057e-02
5.699999999999999772e-04 -6.015159999999999951e-02
5.800000000000000034e-04 -6.008800000000000252e-02
5.899999999999999212e-04 -6.002450000000000147e-02
5.999999999999999474e-04 -5.996090000000000447e-02
6.099999999999999737e-04 -5.989719999999999767e-02
6.199999999999999999e-04 -5.983339999999999492e-02
6.300000000000000261e-04 -5.976950000000000318e-02
6.400000000000000524e-04 -5.970539999999999875e-02
6.499999999999999702e-04 -5.964130000000000126e-02
6.599999999999999964e-04 -5.957690000000000208e-02
6.700000000000000226e-04 -5.951240000000000002e-02
6.800000000000000488e-04 -5.944769999999999915e-02
6.899999999999999667e-04 -5.938280000000000641e-02
6.999999999999999929e-04 -5.931759999999999811e-02
7.099999999999999107e-04 -5.925220000000000486e-02
7.199999999999999369e-04 -5.918650000000000300e-02
7.299999999999999632e-04 -5.912060000000000232e-02
7.399999999999999894e-04 -5.905429999999999707e-02
7.500000000000000156e-04 -5.898769999999999708e-02
7.600000000000000418e-04 -5.892069999999999946e-02
7.700000000000000681e-04 -5.885340000000000016e-02
7.799999999999999859e-04 -5.878569999999999629e-02
7.900000000000000121e-04 -5.871759999999999480e-02
8.000000000000000383e-04 -5.864909999999999568e-02
8.100000000000000646e-04 -5.858000000000000013e-02
8.199999999999999824e-04 -5.851050000000000001e-02
8.300000000000000086e-04 -5.844049999999999939e-02
8.399999999999999264e-04 -5.836999999999999827e-02
8.499999999999999526e-04 -5.829879999999999785e-02
8.599999999999999789e-04 -5.822709999999999692e-02
8.700000000000000051e-04 -5.815469999999999667e-02
8.800000000000000313e-04 -5.808169999999999999e-02
8.900000000000000576e-04 -5.800790000000000113e-02
8.999999999999999754e-04 -5.793339999999999601e-02
9.100000000000000016e-04 -5.785810000000000258e-02
9.200000000000000278e-04 -5.778189999999999715e-02
9.300000000000000541e-04 -5.770480000000000054e-02
9.399999999999999719e-04 -5.762680000000000580e-02
9.499999999999999981e-04 -5.754780000000000312e-02
9.599999999999999159e-04 -5.746770000000000350e-02
9.699999999999999421e-04 -5.738640000000000407e-02
9.799999999999999684e-04 -5.730389999999999789e-02
9.899999999999999946e-04 -5.722010000000000290e-02
1.000000000000000021e-03 -5.713490000000000235e-02
1.010000000000000047e-03 -5.704809999999999742e-02
1.020000000000000073e-03 -5.695969999999999506e-02
1.030000000000000100e-03 -5.686950000000000338e-02
1.040000000000000126e-03 -5.677729999999999583e-02
1.050000000000000152e-03 -5.668299999999999728e-02
1.059999999999999961e-03 -5.658639999999999504e-02
1.069999999999999988e-03 -5.648720000000000130e-02
1.080000000000000014e-03 -5.638510000000000050e-02
1.090000000000000040e-03 -5.627969999999999501e-02
1.100000000000000066e-03 -5.617079999999999990e-02
1.110000000000000092e-03 -5.605769999999999503e-02
1.120000000000000119e-03 -5.593990000000000073e-02
1.129999999999999928e-03 -5.581660000000000094e-02
1.139999999999999954e-03 -5.568679999999999464e-02
1.149999999999999981e-03 -5.554919999999999997e-02
1.160000000000000007e-03 -5.540219999999999867e-02
1.170000000000000033e-03 -5.524349999999999400e-02
1.179999999999999842e-03 -5.507000000000000089e-02
1.189999999999999869e-03 -5.487759999999999860e-02
1.199999999999999895e-03 -5.466080000000000244e-02
1.209999999999999921e-03 -5.441259999999999847e-02
1.219999999999999947e-03 -5.412410000000000138e-02
1.229999999999999974e-03 -5.378449999999999898e-02
1.240000000000000000e-03 -5.337950000000000333e-02
1.250000000000000026e-03 -5.288969999999999783e-02
1.260000000000000052e-03 -5.229070000000000246e-02
1.270000000000000078e-03 -5.155469999999999497e-02
1.280000000000000105e-03 -5.065189999999999970e-02
1.290000000000000131e-03 -4.955280000000000101e-02
1.299999999999999940e-03 -4.823229999999999879e-02
1.309999999999999967e-03 -4.667750000000000371e-02
1.319999999999999993e-03 -4.489270000000000066e-02
1.330000000000000019e-03 -4.289629999999999832e-02
1.340000000000000045e-03 -4.071390000000000425e-02
1.350000000000000071e-03 -3.837279999999999858e-02
1.360000000000000098e-03 -3.589900000000000035e-02
1.370000000000000124e-03 -3.331759999999999583e-02
1.379999999999999933e-03 -3.065520000000000050e-02
1.389999999999999960e-03 -2.794059999999999946e-02
1.399999999999999986e-03 -2.520449999999999774e-02
1.410000000000000012e-03 -2.242800000000000002e-02
1.419999999999999821e-03 -1.956099999999999853e-02
1.429999999999999848e-03 -1.653740000000000071e-02
1.439999999999999874e-03 -1.327530000000000029e-02
1.449999999999999900e-03 -9.688999999999999696e-03
1.459999999999999926e-03 -5.718280000000000064e-03
1.469999999999999953e-03 -1.375780000000000058e-03
1.479999999999999979e-03 3.212990000000000203e-03
1.490000000000000005e-03 7.822169999999999818e-03
1.500000000000000031e-03 1.220360000000000021e-02
1.510000000000000057e-03 1.617089999999999847e-02
1.520000000000000084e-03 1.962960000000000052e-02
1.530000000000000110e-03 2.256030000000000188e-02
1.540000000000000136e-03 2.498560000000000017e-02
1.549999999999999946e-03 2.694339999999999929e-02
1.559999999999999972e-03 2.847219999999999959e-02
1.569999999999999998e-03 2.960399999999999837e-02
1.580000000000000024e-03 3.036240000000000119e-02
1.590000000000000050e-03 3.076330000000000037e-02
1.600000000000000077e-03 3.081719999999999945e-02
1.610000000000000103e-03 3.053140000000000021e-02
1.620000000000000129e-03 2.991240000000000218e-02
1.629999999999999939e-03 2.896849999999999772e-02
1.639999999999999965e-03 2.771200000000000052e-02
1.649999999999999991e-03 2.616069999999999854e-02
1.660000000000000017e-03 2.433969999999999884e-02
1.669999999999999827e-03 2.228150000000000269e-02
1.679999999999999853e-03 2.002540000000000223e-02
1.689999999999999879e-03 1.761560000000000209e-02
1.699999999999999905e-03 1.509809999999999972e-02
1.709999999999999932e-03 1.251720000000000090e-02
1.719999999999999958e-03 9.911529999999999993e-03
1.729999999999999984e-03 7.312160000000000708e-03
1.740000000000000010e-03 4.740840000000000505e-03
1.750000000000000036e-03 2.210399999999999952e-03
1.760000000000000063e-03 -2.740819999999999823e-04
1.770000000000000089e-03 -2.713360000000000164e-03
1.780000000000000115e-03 -5.112160000000000142e-03
1.790000000000000141e-03 -7.477520000000000520e-03
1.799999999999999951e-03 -9.817380000000000551e-03
1.809999999999999977e-03 -1.213949999999999925e-02
1.820000000000000003e-03 -1.445270000000000062e-02
1.830000000000000029e-03 -1.676099999999999812e-02
1.840000000000000056e-03 -1.906400000000000108e-02
1.850000000000000082e-03 -2.135729999999999920e-02
1.860000000000000108e-03 -2.363340000000000232e-02
1.870000000000000134e-03 -2.588200000000000223e-02
1.879999999999999944e-03 -2.809069999999999970e-02
1.889999999999999970e-03 -3.025289999999999924e-02
1.899999999999999996e-03 -3.239099999999999618e-02
1.910000000000000022e-03 -3.452569999999999945e-02
1.919999999999999832e-03 -3.667419999999999708e-02
1.929999999999999858e-03 -3.884770000000000584e-02
1.939999999999999884e-03 -4.104639999999999678e-02
1.949999999999999910e-03 -4.325659999999999922e-02
1.959999999999999937e-03 -4.544850000000000279e-02
1.969999999999999963e-03 -4.758090000000000236e-02
1.979999999999999989e-03 -4.960949999999999388e-02
1.990000000000000015e-03 -5.149759999999999754e-02
2.000000000000000042e-03 -5.322030000000000510e-02
2.009999999999999634e-03 -5.476899999999999824e-02
2.020000000000000094e-03 -5.614950000000000496e-02
2.029999999999999687e-03 -5.737510000000000526e-02
2.040000000000000147e-03 -5.846280000000000227e-02
2.049999999999999739e-03 -5.942979999999999791e-02
2.060000000000000199e-03 -6.029230000000000006e-02
2.069999999999999792e-03 -6.106489999999999835e-02
2.080000000000000251e-03 -6.176050000000000290e-02
2.089999999999999844e-03 -6.239009999999999695e-02
2.100000000000000304e-03 -6.296309999999999407e-02
2.109999999999999896e-03 -6.348710000000000464e-02
2.119999999999999923e-03 -6.396840000000000859e-02
2.129999999999999949e-03 -6.441200000000001091e-02
2.139999999999999975e-03 -6.482179999999999886e-02
2.150000000000000001e-03 -6.520080000000000320e-02
2.160000000000000028e-03 -6.555129999999999291e-02
2.170000000000000054e-03 -6.587560000000000637e-02
2.180000000000000080e-03 -6.617529999999999246e-02
2.190000000000000106e-03 -6.645210000000000006e-02
2.200000000000000133e-03 -6.670770000000000866e-02
2.210000000000000159e-03 -6.694360000000000588e-02
2.220000000000000185e-03 -6.716149999999999898e-02
2.229999999999999778e-03 -6.736259999999999470e-02
2.240000000000000237e-03 -6.754859999999998643e-02
2.249999999999999830e-03 -6.772069999999999479e-02
2.259999999999999856e-03 -6.787999999999999590e-02
2.269999999999999882e-03 -6.802779999999999938e-02
2.279999999999999909e-03 -6.816500000000000337e-02
2.289999999999999935e-03 -6.829250000000000598e-02
2.299999999999999961e-03 -6.841119999999999146e-02
2.309999999999999987e-03 -6.852169999999999095e-02
2.320000000000000014e-03 -6.862460000000000782e-02
2.330000000000000040e-03 -6.872050000000000380e-02
2.340000000000000066e-03 -6.880880000000000329e-02
2.350000000000000092e-03 -6.889019999999999866e-02
2.359999999999999685e-03 -6.896529999999999327e-02
2.370000000000000145e-03 -6.903449999999999864e-02
2.379999999999999737e-03 -6.909830000000000139e-02
2.390000000000000197e-03 -6.915709999999999913e-02
2.399999999999999790e-03 -6.921109999999999762e-02
2.410000000000000250e-03 -6.926069999999999449e-02
2.419999999999999842e-03 -6.930589999999998974e-02
2.430000000000000302e-03 -6.934709999999999486e-02
2.439999999999999895e-03 -6.938429999999999598e-02
2.450000000000000355e-03 -6.941780000000000173e-02
2.459999999999999947e-03 -6.944759999999999822e-02
2.470000000000000407e-03 -6.947400000000000797e-02
2.480000000000000000e-03 -6.949700000000000322e-02
2.490000000000000026e-03 -6.951680000000000359e-02
2.500000000000000052e-03 -6.953349999999999809e-02
2.509999999999999645e-03 -6.954710000000000059e-02
2.520000000000000104e-03 -6.955790000000000584e-02
2.529999999999999697e-03 -6.956579999999999708e-02
2.540000000000000157e-03 -6.957109999999999683e-02
2.549999999999999750e-03 -6.957380000000000508e-02
2.560000000000000209e-03 -6.957399999999999696e-02
2.569999999999999802e-03 -6.957179999999998921e-02
2.580000000000000262e-03 -6.956729999999999858e-02
2.589999999999999854e-03 -6.956070000000000308e-02
2.599999999999999881e-03 -6.955200000000000271e-02
2.609999999999999907e-03 -6.954119999999999746e-02
2.619999999999999933e-03 -6.952849999999999309e-02
2.629999999999999959e-03 -6.951409999999999534e-02
2.639999999999999986e-03 -6.949779999999999847e-02
2.650000000000000012e-03 -6.948000000000000009e-02
2.660000000000000038e-03 -6.946049999999999447e-02
2.670000000000000064e-03 -6.943960000000000410e-02
2.680000000000000090e-03 -6.941719999999999835e-02
2.690000000000000117e-03 -6.939349999999999685e-02
2.700000000000000143e-03 -6.936860000000000248e-02
2.710000000000000169e-03 -6.934239999999999848e-02
2.720000000000000195e-03 -6.931520000000000736e-02
2.729999999999999788e-03 -6.928679999999999561e-02
2.740000000000000248e-03 -6.925740000000001062e-02
2.749999999999999840e-03 -6.922720000000000262e-02
2.759999999999999867e-03 -6.919599999999999362e-02
2.769999999999999893e-03 -6.916400000000000325e-02
2.779999999999999919e-03 -6.913120000000000376e-02
2.789999999999999945e-03 -6.909769999999999801e-02
2.799999999999999972e-03 -6.906349999999999989e-02
2.809999999999999998e-03 -6.902869999999999839e-02
2.820000000000000024e-03 -6.899330000000000740e-02
2.830000000000000050e-03 -6.895740000000000203e-02
2.839999999999999643e-03 -6.892100000000001003e-02
2.850000000000000103e-03 -6.888410000000000366e-02
2.859999999999999695e-03 -6.884679999999999966e-02
2.870000000000000155e-03 -6.880909999999999804e-02
2.879999999999999748e-03 -6.877110000000000167e-02
2.890000000000000208e-03 -6.873269999999999380e-02
2.899999999999999800e-03 -6.869410000000000793e-02
2.910000000000000260e-03 -6.865519999999999956e-02
2.919999999999999853e-03 -6.861599999999999644e-02
2.930000000000000313e-03 -6.857670000000000432e-02
2.939999999999999905e-03 -6.853719999999999257e-02
2.950000000000000365e-03 -6.849750000000000283e-02
2.959999999999999958e-03 -6.845769999999999633e-02
2.969999999999999984e-03 -6.841780000000000084e-02
2.980000000000000010e-03 -6.837779999999998859e-02
2.990000000000000036e-03 -6.833780000000000410e-02
3.000000000000000062e-03 -6.829759999999999998e-02
3.009999999999999655e-03 -6.825749999999999873e-02
3.020000000000000115e-03 -6.821729999999999461e-02
3.029999999999999707e-03 -6.817709999999999049e-02
3.040000000000000167e-03 -6.813700000000000312e-02
3.049999999999999760e-03 -6.809690000000000187e-02
3.060000000000000220e-03 -6.805680000000000063e-02
3.069999999999999812e-03 -6.801669999999999938e-02
3.080000000000000272e-03 -6.797680000000000389e-02
3.089999999999999865e-03 -6.793689999999999451e-02
3.099999999999999891e-03 -6.789709999999998802e-02
3.109999999999999917e-03 -6.785729999999999540e-02
3.119999999999999944e-03 -6.781770000000000853e-02
3.129999999999999970e-03 -6.777819999999999678e-02
3.139999999999999996e-03 -6.773890000000000466e-02
3.150000000000000022e-03 -6.769959999999999867e-02
3.160000000000000048e-03 -6.766049999999999842e-02
3.170000000000000075e-03 -6.762160000000000393e-02
3.180000000000000101e-03 -6.758280000000001231e-02
3.190000000000000127e-03 -6.754409999999999581e-02
3.200000000000000153e-03 -6.750559999999999894e-02
3.210000000000000180e-03 -6.746729999999999394e-02
3.220000000000000206e-03 -6.742919999999999470e-02
3.229999999999999798e-03 -6.739119999999999833e-02
3.240000000000000258e-03 -6.735339999999999383e-02
3.249999999999999851e-03 -6.731589999999999796e-02
3.259999999999999877e-03 -6.727849999999999109e-02
3.269999999999999903e-03 -6.724129999999998997e-02
3.279999999999999930e-03 -6.720430000000000847e-02
3.289999999999999956e-03 -6.716740000000000210e-02
3.299999999999999982e-03 -6.713089999999999336e-02
3.310000000000000008e-03 -6.709450000000000136e-02
3.320000000000000034e-03 -6.705830000000000124e-02
3.330000000000000061e-03 -6.702230000000000687e-02
3.339999999999999653e-03 -6.698659999999999337e-02
3.350000000000000113e-03 -6.695099999999999663e-02
3.359999999999999706e-03 -6.691569999999999463e-02
3.370000000000000166e-03 -6.688059999999999838e-02
3.379999999999999758e-03 -6.684579999999999689e-02
3.390000000000000218e-03 -6.681109999999999827e-02
3.399999999999999811e-03 -6.677670000000000827e-02
3.410000000000000270e-03 -6.674250000000001015e-02
3.419999999999999863e-03 -6.670850000000000390e-02
3.430000000000000323e-03 -6.667480000000000628e-02
3.439999999999999915e-03 -6.664130000000000054e-02
3.450000000000000375e-03 -6.660800000000000054e-02
3.459999999999999968e-03 -6.657490000000000629e-02
3.469999999999999994e-03 -6.654210000000000680e-02
3.480000000000000020e-03 -6.650949999999999918e-02
3.490000000000000047e-03 -6.647720000000000018e-02
3.500000000000000073e-03 -6.644509999999999306e-02
3.509999999999999665e-03 -6.641320000000000556e-02
3.520000000000000125e-03 -6.638149999999999606e-02
3.529999999999999718e-03 -6.635009999999999519e-02
3.540000000000000178e-03 -6.631890000000000007e-02
3.549999999999999770e-03 -6.628799999999999970e-02
3.560000000000000230e-03 -6.625720000000000220e-02
3.569999999999999823e-03 -6.622680000000000233e-02
3.580000000000000283e-03 -6.619650000000000534e-02
3.589999999999999875e-03 -6.616650000000000309e-02
3.599999999999999901e-03 -6.613670000000000659e-02
3.609999999999999928e-03 -6.610710000000000197e-02
3.619999999999999954e-03 -6.607779999999999210e-02
3.629999999999999980e-03 -6.604870000000000185e-02
3.640000000000000006e-03 -6.601980000000000348e-02
3.650000000000000033e-03 -6.599119999999999986e-02
3.660000000000000059e-03 -6.596280000000000199e-02
3.670000000000000085e-03 -6.593460000000000987e-02
3.680000000000000111e-03 -6.590669999999999862e-02
3.690000000000000138e-03 -6.587890000000000412e-02
3.700000000000000164e-03 -6.585140000000000438e-02
3.709999999999999756e-03 -6.582419999999999938e-02
3.720000000000000216e-03 -6.579709999999999726e-02
3.729999999999999809e-03 -6.577030000000000376e-02
3.740000000000000269e-03 -6.574370000000000214e-02
3.749999999999999861e-03 -6.571729999999999239e-02
3.759999999999999887e-03 -6.569110000000000227e-02
3.769999999999999914e-03 -6.566519999999999302e-02
3.779999999999999940e-03 -6.563950000000000340e-02
3.789999999999999966e-03 -6.561400000000000565e-02
3.799999999999999992e-03 -6.558869999999999978e-02
3.810000000000000019e-03 -6.556359999999999966e-02
3.820000000000000045e-03 -6.553879999999999428e-02
3.830000000000000071e-03 -6.551410000000000566e-02
3.839999999999999664e-03 -6.548969999999999791e-02
3.850000000000000124e-03 -6.546550000000000979e-02
3.859999999999999716e-03 -6.544139999999999679e-02
3.870000000000000176e-03 -6.541759999999999242e-02
3.879999999999999769e-03 -6.539400000000000768e-02
3.890000000000000228e-03 -6.537060000000000093e-02
3.899999999999999821e-03 -6.534739999999999993e-02
3.910000000000000281e-03 -6.532449999999999368e-02
3.919999999999999873e-03 -6.530169999999999031e-02
3.930000000000000333e-03 -6.527910000000000657e-02
3.939999999999999926e-03 -6.525670000000000082e-02
3.950000000000000386e-03 -6.523450000000000082e-02
3.959999999999999978e-03 -6.521250000000000657e-02
3.970000000000000438e-03 -6.519070000000000420e-02
3.980000000000000031e-03 -6.516909999999999370e-02
3.990000000000000491e-03 -6.514770000000000283e-02
4.000000000000000083e-03 -6.512640000000000096e-02
4.009999999999999676e-03 -6.510540000000000771e-02
4.019999999999999268e-03 -6.508450000000000346e-02
4.030000000000000596e-03 -6.506380000000000496e-02
4.040000000000000188e-03 -6.504340000000000122e-02
4.049999999999999781e-03 -6.502299999999999747e-02
4.059999999999999373e-03 -6.500290000000000235e-02
4.070000000000000701e-03 -6.498299999999999910e-02
4.080000000000000293e-03 -6.496319999999999872e-02
4.089999999999999886e-03 -6.494360000000000410e-02
4.099999999999999478e-03 -6.492420000000000135e-02
4.109999999999999938e-03 -6.490490000000000148e-02
4.120000000000000398e-03 -6.488590000000001023e-02
4.129999999999999991e-03 -6.486700000000000799e-02
4.139999999999999583e-03 -6.484820000000000861e-02
4.150000000000000043e-03 -6.482960000000000111e-02
4.160000000000000503e-03 -6.481119999999999937e-02
4.170000000000000095e-03 -6.479300000000000337e-02
4.179999999999999688e-03 -6.477489999999999637e-02
4.190000000000000148e-03 -6.475700000000000900e-02
4.200000000000000608e-03 -6.473919999999999675e-02
4.210000000000000200e-03 -6.472159999999999025e-02
4.219999999999999793e-03 -6.470420000000000338e-02
4.230000000000000253e-03 -6.468689999999999163e-02
4.239999999999999845e-03 -6.466970000000001051e-02
4.250000000000000305e-03 -6.465269999999999351e-02
4.259999999999999898e-03 -6.463590000000001001e-02
4.269999999999999490e-03 -6.461920000000000164e-02
4.279999999999999950e-03 -6.460269999999999901e-02
4.290000000000000410e-03 -6.458629999999999927e-02
4.300000000000000003e-03 -6.456999999999998852e-02
4.309999999999999595e-03 -6.455389999999999739e-02
4.320000000000000055e-03 -6.453789999999999527e-02
4.329999999999999648e-03 -6.452209999999999890e-02
4.340000000000000108e-03 -6.450640000000000540e-02
4.349999999999999700e-03 -6.449079999999998702e-02
4.360000000000000160e-03 -6.447539999999998828e-02
4.369999999999999753e-03 -6.446009999999999240e-02
4.380000000000000213e-03 -6.444489999999999941e-02
4.389999999999999805e-03 -6.442989999999999828e-02
4.400000000000000265e-03 -6.441500000000000004e-02
4.409999999999999858e-03 -6.440020000000000466e-02
4.420000000000000318e-03 -6.438560000000000116e-02
4.429999999999999910e-03 -6.437099999999999766e-02
4.440000000000000370e-03 -6.435659999999999992e-02
4.449999999999999963e-03 -6.434239999999999404e-02
4.459999999999999555e-03 -6.432820000000000205e-02
4.470000000000000015e-03 -6.431420000000000192e-02
4.480000000000000475e-03 -6.430020000000000180e-02
4.490000000000000067e-03 -6.428639999999999355e-02
4.499999999999999660e-03 -6.427270000000000205e-02
4.510000000000000120e-03 -6.425909999999999955e-02
4.519999999999999712e-03 -6.424570000000000281e-02
4.530000000000000172e-03 -6.423229999999999218e-02
4.539999999999999765e-03 -6.421910000000000118e-02
4.550000000000000225e-03 -6.420589999999999631e-02
4.559999999999999817e-03 -6.419289999999999718e-02
4.570000000000000277e-03 -6.418000000000000094e-02
4.579999999999999870e-03 -6.416710000000000469e-02
4.589999999999999462e-03 -6.415440000000000031e-02
4.599999999999999922e-03 -6.414179999999999882e-02
4.610000000000000382e-03 -6.412930000000000019e-02
4.619999999999999975e-03 -6.411680000000000157e-02
4.629999999999999567e-03 -6.410449999999999482e-02
4.640000000000000027e-03 -6.409229999999999094e-02
4.650000000000000487e-03 -6.408010000000000095e-02
4.660000000000000080e-03 -6.406810000000000282e-02
4.669999999999999672e-03 -6.405620000000000758e-02
4.680000000000000132e-03 -6.404430000000001233e-02
4.690000000000000592e-03 -6.403249999999999220e-02
4.700000000000000185e-03 -6.402079999999998883e-02
4.709999999999999777e-03 -6.400929999999999120e-02
4.719999999999999370e-03 -6.399770000000000458e-02
4.730000000000000697e-03 -6.398629999999999596e-02
4.740000000000000289e-03 -6.397500000000000409e-02
4.749999999999999882e-03 -6.396369999999999834e-02
4.759999999999999475e-03 -6.395259999999999834e-02
4.769999999999999934e-03 -6.394149999999999834e-02
4.780000000000000394e-03 -6.393039999999999834e-02
4.789999999999999987e-03 -6.391950000000000409e-02
4.799999999999999580e-03 -6.390859999999999597e-02
4.810000000000000039e-03 -6.389789999999999359e-02
4.820000000000000499e-03 -6.388710000000000222e-02
4.830000000000000092e-03 -6.387650000000000272e-02
4.839999999999999684e-03 -6.386590000000000322e-02
4.849999999999999277e-03 -6.385540000000000660e-02
4.860000000000000604e-03 -6.384499999999999897e-02
4.870000000000000197e-03 -6.383469999999999422e-02
4.879999999999999789e-03 -6.382440000000000335e-02
4.889999999999999382e-03 -6.381409999999999860e-02
4.900000000000000709e-03 -6.380399999999999960e-02
4.910000000000000302e-03 -6.379390000000000061e-02
4.919999999999999894e-03 -6.378390000000000448e-02
4.929999999999999487e-03 -6.377389999999999448e-02
4.940000000000000814e-03 -6.376400000000000123e-02
4.950000000000000407e-03 -6.375410000000000799e-02
4.959999999999999999e-03 -6.374430000000000374e-02
4.969999999999999592e-03 -6.373460000000000236e-02
4.980000000000000052e-03 -6.372490000000000099e-02
4.990000000000000512e-03 -6.371530000000000249e-02
5.000000000000000104e-03 -6.370570000000000399e-02
5.009999999999999697e-03 -6.369619999999999449e-02
5.019999999999999289e-03 -6.368669999999999887e-02
5.030000000000000616e-03 -6.367730000000000612e-02
5.040000000000000209e-03 -6.366789999999999949e-02
5.049999999999999802e-03 -6.365859999999999574e-02
5.059999999999999394e-03 -6.364929999999999199e-02
5.069999999999999854e-03 -6.364009999999999112e-02
5.080000000000000314e-03 -6.363089999999999025e-02
5.089999999999999906e-03 -6.362180000000000613e-02
5.099999999999999499e-03 -6.361269999999999425e-02
5.109999999999999959e-03 -6.360359999999999625e-02
5.120000000000000419e-03 -6.359460000000000113e-02
5.130000000000000011e-03 -6.358570000000000888e-02
5.139999999999999604e-03 -6.357669999999999988e-02
5.150000000000000064e-03 -6.356779999999999375e-02
5.160000000000000524e-03 -6.355900000000000438e-02
5.170000000000000116e-03 -6.355009999999999826e-02
5.179999999999999709e-03 -6.354139999999999788e-02
5.190000000000000169e-03 -6.353260000000000851e-02
5.199999999999999761e-03 -6.352389999999999426e-02
5.210000000000000221e-03 -6.351519999999999389e-02
5.219999999999999814e-03 -6.350650000000000739e-02
5.230000000000000274e-03 -6.349789999999999601e-02
5.239999999999999866e-03 -6.348919999999999564e-02
5.250000000000000326e-03 -6.348070000000000102e-02
5.259999999999999919e-03 -6.347210000000000352e-02
5.269999999999999511e-03 -6.346359999999999502e-02
5.279999999999999971e-03 -6.345499999999999752e-02
5.290000000000000431e-03 -6.344650000000000289e-02
5.300000000000000024e-03 -6.343809999999999727e-02
5.309999999999999616e-03 -6.342960000000000265e-02
5.320000000000000076e-03 -6.342119999999999702e-02
5.329999999999999669e-03 -6.341270000000000240e-02
5.340000000000000129e-03 -6.340429999999999677e-02
5.349999999999999721e-03 -6.339589999999999115e-02
5.360000000000000181e-03 -6.338760000000000228e-02
5.369999999999999774e-03 -6.337919999999999665e-02
5.380000000000000233e-03 -6.337080000000000490e-02
5.389999999999999826e-03 -6.336250000000000215e-02
5.400000000000000286e-03 -6.335409999999999653e-02
5.409999999999999878e-03 -6.334579999999999378e-02
5.420000000000000338e-03 -6.333740000000000203e-02
5.429999999999999931e-03 -6.332909999999999928e-02
5.440000000000000391e-03 -6.332079999999999653e-02
5.449999999999999983e-03 -6.331239999999999091e-02
5.459999999999999576e-03 -6.330410000000000204e-02
5.470000000000000036e-03 -6.329579999999999929e-02
5.480000000000000496e-03 -6.328739999999999366e-02
5.490000000000000088e-03 -6.327910000000000479e-02
5.499999999999999681e-03 -6.327069999999999916e-02
5.510000000000000141e-03 -6.326230000000000742e-02
5.519999999999999733e-03 -6.325390000000000179e-02
5.530000000000000193e-03 -6.324549999999999617e-02
5.539999999999999786e-03 -6.323710000000000442e-02
5.550000000000000246e-03 -6.322869999999999879e-02
5.559999999999999838e-03 -6.322020000000000417e-02
5.570000000000000298e-03 -6.321179999999999854e-02
5.579999999999999891e-03 -6.320330000000000392e-02
5.589999999999999483e-03 -6.319479999999999542e-02
5.599999999999999943e-03 -6.318619999999999792e-02
5.610000000000000403e-03 -6.317760000000000042e-02
5.619999999999999996e-03 -6.316900000000000293e-02
5.629999999999999588e-03 -6.316040000000000543e-02
5.640000000000000048e-03 -6.315170000000000505e-02
5.650000000000000508e-03 -6.314300000000000468e-02
5.660000000000000100e-03 -6.313420000000000143e-02
5.669999999999999693e-03 -6.312539999999999818e-02
5.679999999999999286e-03 -6.311650000000000593e-02
5.690000000000000613e-03 -6.310759999999999981e-02
5.700000000000000205e-03 -6.309859999999999081e-02
5.709999999999999798e-03 -6.308959999999999568e-02
5.719999999999999390e-03 -6.308049999999999768e-02
5.730000000000000718e-03 -6.307139999999999969e-02
5.740000000000000310e-03 -6.306219999999999881e-02
5.749999999999999903e-03 -6.305289999999999506e-02
5.759999999999999495e-03 -6.304350000000000231e-02
5.769999999999999955e-03 -6.303409999999999569e-02
5.780000000000000415e-03 -6.302449999999999719e-02
5.790000000000000008e-03 -6.301489999999999869e-02
5.799999999999999600e-03 -6.300519999999999732e-02
5.809999999999999193e-03 -6.299539999999999307e-02
5.820000000000000520e-03 -6.298549999999999982e-02
5.830000000000000113e-03 -6.297549999999998982e-02
5.839999999999999705e-03 -6.296530000000000182e-02
5.849999999999999298e-03 -6.295509999999999995e-02
5.860000000000000625e-03 -6.294469999999999232e-02
5.870000000000000218e-03 -6.293419999999999570e-02
5.879999999999999810e-03 -6.292349999999999333e-02
5.889999999999999403e-03 -6.291270000000000195e-02
5.900000000000000730e-03 -6.290170000000000483e-02
5.910000000000000323e-03 -6.289060000000000483e-02
5.919999999999999915e-03 -6.287919999999999621e-02
5.929999999999999508e-03 -6.286769999999999858e-02
5.939999999999999968e-03 -6.285599999999999521e-02
5.950000000000000427e-03 -6.284409999999999996e-02
5.960000000000000020e-03 -6.283189999999999609e-02
5.969999999999999613e-03 -6.281960000000000321e-02
5.980000000000000072e-03 -6.280689999999999884e-02
5.990000000000000532e-03 -6.279400000000000259e-02
6.000000000000000125e-03 -6.278079999999999772e-02
6.009999999999999717e-03 -6.276729999999999809e-02
6.019999999999999310e-03 -6.275350000000000372e-02
6.030000000000000637e-03 -6.273929999999999785e-02
6.040000000000000230e-03 -6.272469999999999435e-02
6.049999999999999822e-03 -6.270969999999999323e-02
6.059999999999999415e-03 -6.269429999999999448e-02
6.069999999999999875e-03 -6.267849999999999810e-02
6.080000000000000335e-03 -6.266209999999999836e-02
6.089999999999999927e-03 -6.264509999999999523e-02
6.099999999999999520e-03 -6.262760000000000549e-02
6.109999999999999980e-03 -6.260939999999999561e-02
6.120000000000000440e-03 -6.259049999999999336e-02
6.130000000000000032e-03 -6.257079999999999587e-02
6.139999999999999625e-03 -6.255020000000000024e-02
6.150000000000000085e-03 -6.252860000000000362e-02
6.160000000000000545e-03 -6.250590000000000312e-02
6.170000000000000137e-03 -6.248199999999999588e-02
6.179999999999999730e-03 -6.245679999999999982e-02
6.190000000000000190e-03 -6.242990000000000345e-02
6.199999999999999782e-03 -6.240120000000000389e-02
6.210000000000000242e-03 -6.237039999999999945e-02
6.219999999999999835e-03 -6.233720000000000233e-02
6.230000000000000294e-03 -6.230089999999999933e-02
6.239999999999999887e-03 -6.226109999999999978e-02
6.250000000000000347e-03 -6.221680000000000266e-02
6.259999999999999939e-03 -6.216709999999999597e-02
6.269999999999999532e-03 -6.211039999999999617e-02
6.279999999999999992e-03 -6.204480000000000411e-02
6.290000000000000452e-03 -6.196770000000000056e-02
6.300000000000000044e-03 -6.187579999999999469e-02
6.309999999999999637e-03 -6.176500000000000046e-02
6.320000000000000097e-03 -6.162970000000000254e-02
6.329999999999999689e-03 -6.146249999999999630e-02
6.340000000000000149e-03 -6.125330000000000358e-02
6.349999999999999742e-03 -6.098859999999999698e-02
6.360000000000000202e-03 -6.065199999999999758e-02
6.369999999999999794e-03 -6.022610000000000463e-02
6.380000000000000254e-03 -5.969329999999999775e-02
6.389999999999999847e-03 -5.903769999999999851e-02
6.400000000000000307e-03 -5.824410000000000004e-02
6.409999999999999899e-03 -5.729710000000000358e-02
6.420000000000000359e-03 -5.618160000000000515e-02
6.429999999999999952e-03 -5.488839999999999691e-02
6.440000000000000412e-03 -5.341800000000000020e-02
6.450000000000000004e-03 -5.178179999999999589e-02
6.459999999999999597e-03 -4.999889999999999890e-02
6.470000000000000057e-03 -4.809139999999999943e-02
6.480000000000000517e-03 -4.608109999999999984e-02
6.490000000000000109e-03 -4.398669999999999664e-02
6.499999999999999702e-03 -4.182330000000000075e-02
6.510000000000000162e-03 -3.960220000000000407e-02
6.519999999999999754e-03 -3.733279999999999932e-02
6.530000000000000214e-03 -3.502429999999999433e-02
6.539999999999999807e-03 -3.268829999999999653e-02
6.549999999999999399e-03 -3.033989999999999951e-02
6.559999999999999859e-03 -2.799790000000000265e-02
6.570000000000000319e-03 -2.568459999999999840e-02
6.579999999999999911e-03 -2.338310000000000041e-02
6.589999999999999504e-03 -2.104899999999999827e-02
6.599999999999999964e-03 -1.863000000000000073e-02
6.610000000000000424e-03 -1.606619999999999923e-02
6.620000000000000016e-03 -1.329439999999999962e-02
6.629999999999999609e-03 -1.026159999999999919e-02
6.640000000000000069e-03 -6.947829999999999458e-03
6.650000000000000529e-03 -3.367239999999999643e-03
6.660000000000000121e-03 3.878570000000000238e-04
6.669999999999999714e-03 4.151020000000000057e-03
6.679999999999999306e-03 7.730500000000000392e-03
6.690000000000000634e-03 1.096879999999999904e-02
6.700000000000000226e-03 1.377500000000000079e-02
6.709999999999999819e-03 1.612210000000000032e-02
6.719999999999999411e-03 1.802570000000000214e-02
6.730000000000000739e-03 1.952230000000000285e-02
6.740000000000000331e-03 2.065420000000000103e-02
6.749999999999999924e-03 2.146099999999999744e-02
6.759999999999999516e-03 2.197660000000000238e-02
6.769999999999999976e-03 2.222829999999999945e-02
6.780000000000000436e-03 2.223759999999999973e-02
6.790000000000000029e-03 2.202179999999999763e-02
6.799999999999999621e-03 2.159490000000000021e-02
6.809999999999999214e-03 2.096910000000000093e-02
6.820000000000000541e-03 2.015609999999999971e-02
6.830000000000000134e-03 1.916759999999999992e-02
6.839999999999999726e-03 1.801599999999999729e-02
6.849999999999999319e-03 1.671519999999999950e-02
6.860000000000000646e-03 1.528009999999999959e-02
6.870000000000000238e-03 1.372690000000000021e-02
6.879999999999999831e-03 1.207240000000000049e-02
6.889999999999999424e-03 1.033339999999999953e-02
6.900000000000000751e-03 8.526119999999999879e-03
6.910000000000000343e-03 6.665240000000000227e-03
6.919999999999999936e-03 4.763490000000000432e-03
6.929999999999999528e-03 2.831370000000000154e-03
6.939999999999999988e-03 8.769900000000000178e-04
6.950000000000000448e-03 -1.093790000000000083e-03
6.960000000000000041e-03 -3.077160000000000225e-03
6.969999999999999633e-03 -5.071179999999999785e-03
6.980000000000000093e-03 -7.075429999999999740e-03
6.990000000000000553e-03 -9.090830000000001132e-03
7.000000000000000146e-03 -1.111930000000000036e-02
7.009999999999999738e-03 -1.315679999999999975e-02
7.019999999999999331e-03 -1.519380000000000036e-02
7.030000000000000658e-03 -1.722329999999999695e-02
7.040000000000000251e-03 -1.923979999999999788e-02
7.049999999999999843e-03 -2.123799999999999993e-02
7.059999999999999436e-03 -2.321270000000000278e-02
7.069999999999999896e-03 -2.515840000000000090e-02
7.080000000000000356e-03 -2.706929999999999753e-02
7.089999999999999948e-03 -2.893959999999999935e-02
7.099999999999999541e-03 -3.078559999999999977e-02
7.110000000000000001e-03 -3.263100000000000028e-02
7.120000000000000460e-03 -3.449699999999999989e-02
7.130000000000000053e-03 -3.640109999999999874e-02
7.139999999999999646e-03 -3.835500000000000020e-02
7.150000000000000105e-03 -4.036160000000000442e-02
7.160000000000000565e-03 -4.241249999999999881e-02
7.170000000000000158e-03 -4.448590000000000183e-02
7.179999999999999750e-03 -4.654780000000000029e-02
7.190000000000000210e-03 -4.855769999999999531e-02
7.199999999999999803e-03 -5.047689999999999816e-02
7.210000000000000263e-03 -5.227600000000000302e-02
7.219999999999999855e-03 -5.393939999999999846e-02
7.230000000000000315e-03 -5.546410000000000229e-02
7.239999999999999908e-03 -5.685629999999999851e-02
7.250000000000000368e-03 -5.812740000000000268e-02
7.259999999999999960e-03 -5.929050000000000292e-02
7.269999999999999553e-03 -6.035789999999999905e-02
7.280000000000000013e-03 -6.134060000000000207e-02
7.289999999999999605e-03 -6.224710000000000659e-02
7.300000000000000065e-03 -6.308400000000000118e-02
7.309999999999999658e-03 -6.385620000000000185e-02
7.320000000000000118e-03 -6.456749999999999989e-02
7.329999999999999710e-03 -6.522089999999999832e-02
7.340000000000000170e-03 -6.581919999999999438e-02
7.349999999999999763e-03 -6.636549999999999394e-02
7.360000000000000223e-03 -6.686259999999999426e-02
7.369999999999999815e-03 -6.731349999999999834e-02
7.380000000000000275e-03 -6.772140000000000104e-02
7.389999999999999868e-03 -6.808929999999999150e-02
7.400000000000000328e-03 -6.842030000000000334e-02
7.409999999999999920e-03 -6.871720000000000605e-02
7.419999999999999513e-03 -6.898289999999999977e-02
7.429999999999999973e-03 -6.922000000000000375e-02
7.440000000000000432e-03 -6.943089999999998985e-02
7.450000000000000025e-03 -6.961799999999999933e-02
7.459999999999999618e-03 -6.978319999999998968e-02
7.470000000000000077e-03 -6.992870000000001030e-02
7.480000000000000537e-03 -7.005599999999999328e-02
7.490000000000000130e-03 -7.016690000000000427e-02
7.499999999999999722e-03 -7.026280000000000026e-02
7.510000000000000182e-03 -7.034520000000001050e-02
7.519999999999999775e-03 -7.041509999999999436e-02
7.530000000000000235e-03 -7.047390000000000598e-02
7.539999999999999827e-03 -7.052239999999999898e-02
7.549999999999999420e-03 -7.056160000000000210e-02
7.559999999999999880e-03 -7.059239999999999959e-02
7.570000000000000340e-03 -7.061549999999999772e-02
7.579999999999999932e-03 -7.063169999999999171e-02
7.589999999999999525e-03 -7.064159999999999884e-02
7.599999999999999985e-03 -7.064570000000000571e-02
7.610000000000000445e-03 -7.064470000000000471e-02
7.620000000000000037e-03 -7.063899999999999346e-02
7.629999999999999630e-03 -7.062900000000001122e-02
7.640000000000000090e-03 -7.061530000000000584e-02
7.650000000000000550e-03 -7.059799999999999409e-02
7.660000000000000142e-03 -7.057760000000000422e-02
7.669999999999999735e-03 -7.055440000000000322e-02
7.679999999999999327e-03 -7.052859999999999685e-02
7.690000000000000654e-03 -7.050060000000001048e-02
7.700000000000000247e-03 -7.047050000000000536e-02
7.709999999999999840e-03 -7.043859999999999011e-02
7.719999999999999432e-03 -7.040509999999999824e-02
7.730000000000000759e-03 -7.037009999999999099e-02
7.740000000000000352e-03 -7.033390000000000475e-02
7.749999999999999944e-03 -7.029649999999999788e-02
7.759999999999999537e-03 -7.025800000000000101e-02
7.769999999999999997e-03 -7.021879999999999789e-02
7.780000000000000457e-03 -7.017870000000001052e-02
7.790000000000000049e-03 -7.013800000000000590e-02
7.799999999999999642e-03 -7.009669999999999790e-02
7.809999999999999235e-03 -7.005500000000000616e-02
7.820000000000000562e-03 -7.001280000000000003e-02
7.830000000000000154e-03 -6.997029999999999916e-02
7.839999999999999747e-03 -6.992759999999999254e-02
7.849999999999999339e-03 -6.988469999999999405e-02
7.860000000000000667e-03 -6.984160000000000368e-02
7.870000000000000259e-03 -6.979839999999999656e-02
7.879999999999999852e-03 -6.975520000000000331e-02
7.889999999999999444e-03 -6.971189999999999332e-02
7.900000000000000772e-03 -6.966870000000000007e-02
7.910000000000000364e-03 -6.962550000000000683e-02
7.919999999999999957e-03 -6.958240000000000258e-02
7.929999999999999549e-03 -6.953940000000000121e-02
7.940000000000000877e-03 -6.949660000000000559e-02
7.950000000000000469e-03 -6.945389999999999897e-02
7.960000000000000062e-03 -6.941129999999999522e-02
7.969999999999999654e-03 -6.936900000000000011e-02
7.980000000000000981e-03 -6.932689999999999686e-02
7.990000000000000574e-03 -6.928499999999999936e-02
8.000000000000000167e-03 -6.924339999999999662e-02
8.009999999999999759e-03 -6.920189999999999675e-02
8.019999999999999352e-03 -6.916079999999999450e-02
8.029999999999998944e-03 -6.911989999999999801e-02
8.039999999999998537e-03 -6.907919999999999339e-02
8.049999999999999864e-03 -6.903890000000000027e-02
8.060000000000001191e-03 -6.899879999999999902e-02
8.070000000000000784e-03 -6.895900000000000640e-02
8.080000000000000376e-03 -6.891949999999999465e-02
8.089999999999999969e-03 -6.888030000000000541e-02
8.099999999999999561e-03 -6.884130000000000804e-02
8.109999999999999154e-03 -6.880270000000000830e-02
8.119999999999998747e-03 -6.876439999999998942e-02
8.130000000000000074e-03 -6.872629999999999018e-02
8.140000000000001401e-03 -6.868859999999998855e-02
8.150000000000000994e-03 -6.865109999999999268e-02
8.160000000000000586e-03 -6.861390000000000544e-02
8.170000000000000179e-03 -6.857710000000000194e-02
8.179999999999999771e-03 -6.854049999999999032e-02
8.189999999999999364e-03 -6.850420000000000120e-02
8.199999999999998956e-03 -6.846819999999999296e-02
8.210000000000000284e-03 -6.843250000000000721e-02
8.219999999999999876e-03 -6.839709999999998846e-02
8.230000000000001203e-03 -6.836199999999999222e-02
8.240000000000000796e-03 -6.832710000000000172e-02
8.250000000000000389e-03 -6.829250000000000598e-02
8.259999999999999981e-03 -6.825820000000000498e-02
8.269999999999999574e-03 -6.822419999999999873e-02
8.279999999999999166e-03 -6.819050000000000111e-02
8.289999999999998759e-03 -6.815699999999999537e-02
8.300000000000000086e-03 -6.812379999999999824e-02
8.309999999999999679e-03 -6.809080000000000688e-02
8.320000000000001006e-03 -6.805819999999999925e-02
8.330000000000000598e-03 -6.802569999999999451e-02
8.340000000000000191e-03 -6.799360000000000126e-02
8.349999999999999784e-03 -6.796169999999999989e-02
8.359999999999999376e-03 -6.793000000000000427e-02
8.369999999999998969e-03 -6.789860000000000340e-02
8.380000000000000296e-03 -6.786750000000001115e-02
8.389999999999999888e-03 -6.783649999999999403e-02
8.400000000000001216e-03 -6.780589999999998840e-02
8.410000000000000808e-03 -6.777539999999999953e-02
8.420000000000000401e-03 -6.774529999999999441e-02
8.429999999999999993e-03 -6.771530000000000604e-02
8.439999999999999586e-03 -6.768559999999999854e-02
8.449999999999999178e-03 -6.765609999999999680e-02
8.460000000000000506e-03 -6.762680000000000080e-02
8.470000000000000098e-03 -6.759769999999999668e-02
8.479999999999999691e-03 -6.756890000000000118e-02
8.490000000000001018e-03 -6.754029999999999756e-02
8.500000000000000611e-03 -6.751189999999999969e-02
8.510000000000000203e-03 -6.748379999999999657e-02
8.519999999999999796e-03 -6.745579999999999632e-02
8.529999999999999388e-03 -6.742800000000000182e-02
8.539999999999998981e-03 -6.740049999999998820e-02
8.550000000000000308e-03 -6.737319999999999420e-02
8.559999999999999901e-03 -6.734600000000000308e-02
8.569999999999999493e-03 -6.731910000000000671e-02
8.580000000000000820e-03 -6.729240000000000221e-02
8.590000000000000413e-03 -6.726580000000000059e-02
8.600000000000000006e-03 -6.723950000000000760e-02
8.609999999999999598e-03 -6.721339999999999260e-02
8.619999999999999191e-03 -6.718739999999999435e-02
8.630000000000000518e-03 -6.716169999999999085e-02
8.640000000000000110e-03 -6.713610000000000411e-02
8.649999999999999703e-03 -6.711069999999999536e-02
8.659999999999999296e-03 -6.708549999999999236e-02
8.670000000000000623e-03 -6.706050000000000899e-02
8.680000000000000215e-03 -6.703560000000000074e-02
8.689999999999999808e-03 -6.701100000000000112e-02
8.699999999999999400e-03 -6.698650000000000437e-02
8.710000000000000728e-03 -6.696219999999999950e-02
8.720000000000000320e-03 -6.693810000000000038e-02
8.729999999999999913e-03 -6.691410000000000413e-02
8.739999999999999505e-03 -6.689029999999999976e-02
8.750000000000000833e-03 -6.686670000000000114e-02
8.760000000000000425e-03 -6.684319999999999151e-02
8.770000000000000018e-03 -6.681990000000000152e-02
8.779999999999999610e-03 -6.679680000000000339e-02
8.789999999999999203e-03 -6.677379999999999427e-02
8.800000000000000530e-03 -6.675100000000000477e-02
8.810000000000000123e-03 -6.672839999999999328e-02
8.819999999999999715e-03 -6.670589999999999853e-02
8.829999999999999308e-03 -6.668359999999999566e-02
8.840000000000000635e-03 -6.666139999999999566e-02
8.850000000000000228e-03 -6.663940000000000141e-02
8.859999999999999820e-03 -6.661759999999999904e-02
8.869999999999999413e-03 -6.659579999999999667e-02
8.880000000000000740e-03 -6.657429999999998904e-02
8.890000000000000333e-03 -6.655289999999999817e-02
8.899999999999999925e-03 -6.653159999999999630e-02
8.909999999999999518e-03 -6.651050000000000018e-02
8.919999999999999110e-03 -6.648950000000000693e-02
8.930000000000000437e-03 -6.646869999999999168e-02
8.940000000000000030e-03 -6.644799999999999318e-02
8.949999999999999623e-03 -6.642740000000001144e-02
8.960000000000000950e-03 -6.640699999999999381e-02
8.970000000000000542e-03 -6.638670000000000682e-02
8.980000000000000135e-03 -6.636660000000001169e-02
8.989999999999999727e-03 -6.634659999999999169e-02
8.999999999999999320e-03 -6.632680000000000520e-02
9.010000000000000647e-03 -6.630700000000000482e-02
9.020000000000000240e-03 -6.628740000000001020e-02
9.029999999999999832e-03 -6.626800000000000745e-02
9.039999999999999425e-03 -6.624859999999999083e-02
9.050000000000000752e-03 -6.622939999999999383e-02
9.060000000000000345e-03 -6.621029999999999971e-02
9.069999999999999937e-03 -6.619139999999999746e-02
9.079999999999999530e-03 -6.617259999999999809e-02
9.089999999999999122e-03 -6.615389999999998771e-02
9.100000000000000450e-03 -6.613529999999999409e-02
9.110000000000000042e-03 -6.611680000000000335e-02
9.119999999999999635e-03 -6.609850000000000447e-02
9.130000000000000962e-03 -6.608029999999999460e-02
9.140000000000000555e-03 -6.606220000000000148e-02
9.150000000000000147e-03 -6.604419999999999735e-02
9.159999999999999740e-03 -6.602639999999999898e-02
9.169999999999999332e-03 -6.600860000000000061e-02
9.179999999999998925e-03 -6.599099999999999411e-02
9.190000000000000252e-03 -6.597350000000000436e-02
9.199999999999999845e-03 -6.595610000000000361e-02
9.210000000000001172e-03 -6.593880000000000574e-02
9.220000000000000764e-03 -6.592169999999999974e-02
9.230000000000000357e-03 -6.590460000000000762e-02
9.239999999999999949e-03 -6.588760000000000450e-02
9.249999999999999542e-03 -6.587080000000000712e-02
9.259999999999999135e-03 -6.585409999999999875e-02
9.269999999999998727e-03 -6.583740000000000425e-02
9.280000000000000054e-03 -6.582089999999998775e-02
9.289999999999999647e-03 -6.580450000000000188e-02
9.300000000000000974e-03 -6.578820000000000501e-02
9.310000000000000567e-03 -6.577200000000001101e-02
9.320000000000000159e-03 -6.575589999999999213e-02
9.329999999999999752e-03 -6.573990000000000389e-02
9.339999999999999344e-03 -6.572400000000000464e-02
9.349999999999998937e-03 -6.570820000000000827e-02
9.360000000000000264e-03 -6.569250000000000089e-02
9.369999999999999857e-03 -6.567690000000001027e-02
9.380000000000001184e-03 -6.566129999999999189e-02
9.390000000000000777e-03 -6.564589999999999315e-02
9.400000000000000369e-03 -6.563059999999999727e-02
9.409999999999999962e-03 -6.561539999999999040e-02
9.419999999999999554e-03 -6.560030000000000028e-02
9.429999999999999147e-03 -6.558519999999999628e-02
9.439999999999998739e-03 -6.557029999999999803e-02
9.450000000000000067e-03 -6.555539999999999978e-02
9.460000000000001394e-03 -6.554070000000000729e-02
9.470000000000000986e-03 -6.552600000000000091e-02
9.480000000000000579e-03 -6.551139999999999741e-02
9.490000000000000172e-03 -6.549689999999999679e-02
9.499999999999999764e-03 -6.548249999999999904e-02
9.509999999999999357e-03 -6.546819999999999029e-02
9.519999999999998949e-03 -6.545399999999999829e-02
9.529999999999998542e-03 -6.543980000000000630e-02
9.539999999999999869e-03 -6.542579999999999230e-02
9.550000000000001196e-03 -6.541180000000000605e-02
9.560000000000000789e-03 -6.539790000000000880e-02
9.570000000000000381e-03 -6.538410000000000055e-02
9.579999999999999974e-03 -6.537040000000000906e-02
9.589999999999999566e-03 -6.535670000000000368e-02
9.599999999999999159e-03 -6.534319999999999018e-02
9.609999999999998752e-03 -6.532970000000000443e-02
9.620000000000000079e-03 -6.531629999999999381e-02
9.630000000000001406e-03 -6.530299999999999994e-02
9.640000000000000999e-03 -6.528969999999999219e-02
9.650000000000000591e-03 -6.527650000000000119e-02
9.660000000000000184e-03 -6.526339999999999919e-02
9.669999999999999776e-03 -6.525040000000000007e-02
9.679999999999999369e-03 -6.523750000000000382e-02
9.689999999999998961e-03 -6.522459999999999369e-02
9.699999999999998554e-03 -6.521180000000000032e-02
9.710000000000001616e-03 -6.519909999999999595e-02
9.720000000000001208e-03 -6.518640000000000545e-02
9.730000000000000801e-03 -6.517380000000000395e-02
9.740000000000000394e-03 -6.516129999999999145e-02
9.749999999999999986e-03 -6.514889999999999570e-02
9.759999999999999579e-03 -6.513649999999999995e-02
9.769999999999999171e-03 -6.512420000000000708e-02
9.779999999999998764e-03 -6.511190000000000033e-02
9.789999999999998356e-03 -6.509979999999999933e-02
9.800000000000001418e-03 -6.508769999999999833e-02
9.810000000000001011e-03 -6.507559999999999734e-02
9.820000000000000603e-03 -6.506370000000000209e-02
9.830000000000000196e-03 -6.505180000000000684e-02
9.839999999999999789e-03 -6.503989999999999772e-02
9.849999999999999381e-03 -6.502819999999999434e-02
9.859999999999998974e-03 -6.501640000000000197e-02
9.869999999999998566e-03 -6.500480000000000147e-02
9.880000000000001628e-03 -6.499320000000000097e-02
9.890000000000001221e-03 -6.498170000000000335e-02
9.900000000000000813e-03 -6.497020000000000572e-02
9.910000000000000406e-03 -6.495879999999999710e-02
9.919999999999999998e-03 -6.494750000000000523e-02
9.929999999999999591e-03 -6.493619999999999948e-02
9.939999999999999183e-03 -6.492499999999999660e-02
9.949999999999998776e-03 -6.491379999999999373e-02
9.960000000000000103e-03 -6.490269999999999373e-02
9.970000000000001431e-03 -6.489159999999999373e-02
9.980000000000001023e-03 -6.488069999999999948e-02
9.990000000000000616e-03 -6.486969999999998848e-02
1.000000000000000021e-02 -6.485880000000000811e-02
