0.000000000000000000e+00 -7.000000000000000666e-02
1.000000000000000082e-05 -6.985370000000000468e-02
2.000000000000000164e-05 -6.973019999999999219e-02
2.999999999999999737e-05 -6.961770000000000458e-02
4.000000000000000327e-05 -6.951349999999999196e-02
5.000000000000000240e-05 -6.941579999999999973e-02
5.999999999999999474e-05 -6.932370000000000199e-02
7.000000000000000742e-05 -6.923619999999999775e-02
8.000000000000000654e-05 -6.915280000000000038e-02
8.999999999999999212e-05 -6.907290000000000652e-02
1.000000000000000048e-04 -6.899610000000000465e-02
1.100000000000000039e-04 -6.892220000000000291e-02
1.199999999999999895e-04 -6.885070000000000079e-02
1.300000000000000157e-04 -6.878159999999999830e-02
1.400000000000000148e-04 -6.871449999999999780e-02
1.499999999999999869e-04 -6.864929999999999644e-02
1.600000000000000131e-04 -6.858589999999999132e-02
1.700000000000000122e-04 -6.852410000000000445e-02
1.799999999999999842e-04 -6.846380000000000521e-02
1.900000000000000105e-04 -6.840500000000000747e-02
2.000000000000000096e-04 -6.834739999999998872e-02
2.099999999999999816e-04 -6.829099999999999060e-02
2.200000000000000078e-04 -6.823579999999999923e-02
2.300000000000000070e-04 -6.818160000000000887e-02
2.399999999999999790e-04 -6.812850000000000850e-02
2.500000000000000052e-04 -6.807630000000000625e-02
2.600000000000000314e-04 -6.802489999999999926e-02
2.700000000000000035e-04 -6.797440000000000426e-02
2.800000000000000297e-04 -6.792470000000000452e-02
2.900000000000000017e-04 -6.787580000000000002e-02
2.999999999999999737e-04 -6.782749999999999890e-02
3.099999999999999999e-04 -6.777990000000000403e-02
3.200000000000000262e-04 -6.773289999999999866e-02
3.299999999999999982e-04 -6.768649999999999667e-02
3.400000000000000244e-04 -6.764060000000000905e-02
3.499999999999999964e-04 -6.759529999999999705e-02
3.599999999999999685e-04 -6.755049999999999943e-02
3.699999999999999947e-04 -6.750609999999999944e-02
3.800000000000000209e-04 -6.746219999999999994e-02
3.899999999999999929e-04 -6.741869999999999807e-02
4.000000000000000192e-04 -6.737569999999999670e-02
4.099999999999999912e-04 -6.733300000000000396e-02
4.199999999999999632e-04 -6.729059999999999209e-02
4.299999999999999894e-04 -6.724859999999999172e-02
4.400000000000000157e-04 -6.720699999999998897e-02
4.499999999999999877e-04 -6.716559999999999198e-02
4.600000000000000139e-04 -6.712450000000000361e-02
4.699999999999999859e-04 -6.708379999999999899e-02
4.799999999999999580e-04 -6.704319999999999724e-02
4.899999999999999842e-04 -6.700300000000000700e-02
5.000000000000000104e-04 -6.696299999999999475e-02
5.100000000000000366e-04 -6.692319999999998825e-02
5.200000000000000629e-04 -6.688360000000000138e-02
5.299999999999999807e-04 -6.684430000000000927e-02
5.400000000000000069e-04 -6.680509999999999227e-02
5.500000000000000331e-04 -6.676619999999999777e-02
5.600000000000000594e-04 -6.672740000000000615e-02
5.699999999999999772e-04 -6.668880000000000641e-02
5.800000000000000034e-04 -6.665039999999999853e-02
5.899999999999999212e-04 -6.661219999999999641e-02
5.999999999999999474e-04 -6.657409999999999717e-02
6.099999999999999737e-04 -6.653610000000000080e-02
6.199999999999999999e-04 -6.649829999999999630e-02
6.300000000000000261e-04 -6.646069999999999756e-02
6.400000000000000524e-04 -6.642309999999999881e-02
6.499999999999999702e-04 -6.638570000000000582e-02
6.599999999999999964e-04 -6.634850000000000469e-02
6.700000000000000226e-04 -6.631130000000000357e-02
6.800000000000000488e-04 -6.627429999999999433e-02
6.899999999999999667e-04 -6.623739999999998795e-02
6.999999999999999929e-04 -6.620050000000000934e-02
7.099999999999999107e-04 -6.616379999999999484e-02
7.199999999999999369e-04 -6.612719999999999709e-02
7.299999999999999632e-04 -6.609070000000000222e-02
7.399999999999999894e-04 -6.605429999999999635e-02
7.500000000000000156e-04 -6.601800000000000723e-02
7.600000000000000418e-04 -6.598180000000000711e-02
7.700000000000000681e-04 -6.594569999999999599e-02
7.799999999999999859e-04 -6.590959999999999874e-02
7.900000000000000121e-04 -6.587359999999999050e-02
8.000000000000000383e-04 -6.583780000000000188e-02
8.100000000000000646e-04 -6.580200000000001326e-02
8.199999999999999824e-04 -6.576619999999999688e-02
8.300000000000000086e-04 -6.573060000000000014e-02
8.399999999999999264e-04 -6.569499999999998952e-02
8.499999999999999526e-04 -6.565949999999999565e-02
8.599999999999999789e-04 -6.562410000000000465e-02
8.700000000000000051e-04 -6.558880000000000265e-02
8.800000000000000313e-04 -6.555350000000000066e-02
8.900000000000000576e-04 -6.551830000000000154e-02
8.999999999999999754e-04 -6.548309999999998854e-02
9.100000000000000016e-04 -6.544799999999999229e-02
9.200000000000000278e-04 -6.541299999999999892e-02
9.300000000000000541e-04 -6.537800000000000555e-02
9.399999999999999719e-04 -6.534319999999999018e-02
9.499999999999999981e-04 -6.530829999999999969e-02
9.599999999999999159e-04 -6.527360000000000106e-02
9.699999999999999421e-04 -6.523879999999999957e-02
9.799999999999999684e-04 -6.520420000000000382e-02
9.899999999999999946e-04 -6.516960000000000808e-02
1.000000000000000021e-03 -6.513509999999998745e-02
1.010000000000000047e-03 -6.510059999999999458e-02
1.020000000000000073e-03 -6.506610000000000171e-02
1.030000000000000100e-03 -6.503180000000000072e-02
1.040000000000000126e-03 -6.499749999999999972e-02
1.050000000000000152e-03 -6.496319999999999872e-02
1.059999999999999961e-03 -6.492900000000000060e-02
1.069999999999999988e-03 -6.489480000000000248e-02
1.080000000000000014e-03 -6.486069999999999336e-02
1.090000000000000040e-03 -6.482670000000000099e-02
1.100000000000000066e-03 -6.479269999999999474e-02
1.110000000000000092e-03 -6.475870000000000237e-02
1.120000000000000119e-03 -6.472479999999999900e-02
1.129999999999999928e-03 -6.469099999999999850e-02
1.139999999999999954e-03 -6.465719999999999801e-02
1.149999999999999981e-03 -6.462339999999999751e-02
1.160000000000000007e-03 -6.458969999999999989e-02
1.170000000000000033e-03 -6.455610000000000515e-02
1.179999999999999842e-03 -6.452249999999999652e-02
1.189999999999999869e-03 -6.448890000000000178e-02
1.199999999999999895e-03 -6.445539999999999603e-02
1.209999999999999921e-03 -6.442189999999999028e-02
1.219999999999999947e-03 -6.438849999999998741e-02
1.229999999999999974e-03 -6.435509999999999842e-02
1.240000000000000000e-03 -6.432179999999999842e-02
1.250000000000000026e-03 -6.428849999999999842e-02
1.260000000000000052e-03 -6.425530000000000130e-02
1.270000000000000078e-03 -6.422210000000000418e-02
1.280000000000000105e-03 -6.418890000000000706e-02
1.290000000000000131e-03 -6.415579999999999894e-02
1.299999999999999940e-03 -6.412279999999999369e-02
1.309999999999999967e-03 -6.408980000000000232e-02
1.319999999999999993e-03 -6.405679999999999708e-02
1.330000000000000019e-03 -6.402379999999999183e-02
1.340000000000000045e-03 -6.399100000000000621e-02
1.350000000000000071e-03 -6.395810000000000384e-02
1.360000000000000098e-03 -6.392530000000000434e-02
1.370000000000000124e-03 -6.389250000000000485e-02
1.379999999999999933e-03 -6.385979999999999435e-02
1.389999999999999960e-03 -6.382709999999999773e-02
1.399999999999999986e-03 -6.379450000000000398e-02
1.410000000000000012e-03 -6.376189999999999636e-02
1.419999999999999821e-03 -6.372939999999999161e-02
1.429999999999999848e-03 -6.369679999999999787e-02
1.439999999999999874e-03 -6.366439999999999599e-02
1.449999999999999900e-03 -6.363190000000000512e-02
1.459999999999999926e-03 -6.359950000000000325e-02
1.469999999999999953e-03 -6.356720000000000426e-02
1.479999999999999979e-03 -6.353490000000000526e-02
1.490000000000000005e-03 -6.350260000000000626e-02
1.500000000000000031e-03 -6.347030000000000727e-02
1.510000000000000057e-03 -6.343809999999999727e-02
1.520000000000000084e-03 -6.340600000000000402e-02
1.530000000000000110e-03 -6.337380000000000790e-02
1.540000000000000136e-03 -6.334180000000000366e-02
1.549999999999999946e-03 -6.330969999999999653e-02
1.559999999999999972e-03 -6.327770000000000616e-02
1.569999999999999998e-03 -6.324570000000000192e-02
1.580000000000000024e-03 -6.321380000000000055e-02
1.590000000000000050e-03 -6.318189999999999917e-02
1.600000000000000077e-03 -6.314999999999999780e-02
1.610000000000000103e-03 -6.311819999999999931e-02
1.620000000000000129e-03 -6.308640000000000081e-02
1.629999999999999939e-03 -6.305460000000000231e-02
1.639999999999999965e-03 -6.302290000000000669e-02
1.649999999999999991e-03 -6.299119999999999719e-02
1.660000000000000017e-03 -6.295960000000000445e-02
1.669999999999999827e-03 -6.292799999999999783e-02
1.679999999999999853e-03 -6.289640000000000508e-02
1.689999999999999879e-03 -6.286490000000000133e-02
1.699999999999999905e-03 -6.283329999999999471e-02
1.709999999999999932e-03 -6.280190000000000772e-02
1.719999999999999958e-03 -6.277040000000000397e-02
1.729999999999999984e-03 -6.273900000000000310e-02
1.740000000000000010e-03 -6.270760000000000223e-02
1.750000000000000036e-03 -6.267630000000000423e-02
1.760000000000000063e-03 -6.264500000000000624e-02
1.770000000000000089e-03 -6.261370000000000824e-02
1.780000000000000115e-03 -6.258249999999999924e-02
1.790000000000000141e-03 -6.255130000000000412e-02
1.799999999999999951e-03 -6.252009999999999512e-02
1.809999999999999977e-03 -6.248890000000000000e-02
1.820000000000000003e-03 -6.245780000000000082e-02
1.830000000000000029e-03 -6.242669999999999469e-02
1.840000000000000056e-03 -6.239569999999999839e-02
1.850000000000000082e-03 -6.236460000000000614e-02
1.860000000000000108e-03 -6.233369999999999883e-02
1.870000000000000134e-03 -6.230270000000000252e-02
1.879999999999999944e-03 -6.227180000000000215e-02
1.889999999999999970e-03 -6.224090000000000178e-02
1.899999999999999996e-03 -6.221000000000000141e-02
1.910000000000000022e-03 -6.217920000000000391e-02
1.919999999999999832e-03 -6.214839999999999948e-02
1.929999999999999858e-03 -6.211760000000000198e-02
1.939999999999999884e-03 -6.208679999999999755e-02
1.949999999999999910e-03 -6.205610000000000293e-02
1.959999999999999937e-03 -6.202539999999999443e-02
1.969999999999999963e-03 -6.199479999999999574e-02
1.979999999999999989e-03 -6.196410000000000112e-02
1.990000000000000015e-03 -6.193350000000000244e-02
2.000000000000000042e-03 -6.190290000000000376e-02
2.009999999999999634e-03 -6.187240000000000101e-02
2.020000000000000094e-03 -6.184190000000000520e-02
2.029999999999999687e-03 -6.181140000000000245e-02
2.040000000000000147e-03 -6.178089999999999971e-02
2.049999999999999739e-03 -6.175049999999999983e-02
2.060000000000000199e-03 -6.171999999999999709e-02
2.069999999999999792e-03 -6.168970000000000009e-02
2.080000000000000251e-03 -6.165930000000000022e-02
2.089999999999999844e-03 -6.162899999999999628e-02
2.100000000000000304e-03 -6.159869999999999929e-02
2.109999999999999896e-03 -6.156839999999999535e-02
2.119999999999999923e-03 -6.153809999999999836e-02
2.129999999999999949e-03 -6.150789999999999730e-02
2.139999999999999975e-03 -6.147769999999999624e-02
2.150000000000000001e-03 -6.144749999999999518e-02
2.160000000000000028e-03 -6.141740000000000393e-02
2.170000000000000054e-03 -6.138720000000000288e-02
2.180000000000000080e-03 -6.135710000000000469e-02
2.190000000000000106e-03 -6.132699999999999957e-02
2.200000000000000133e-03 -6.129699999999999732e-02
2.210000000000000159e-03 -6.126689999999999914e-02
2.220000000000000185e-03 -6.123689999999999689e-02
2.229999999999999778e-03 -6.120689999999999464e-02
2.240000000000000237e-03 -6.117700000000000221e-02
2.249999999999999830e-03 -6.114699999999999996e-02
2.259999999999999856e-03 -6.111710000000000059e-02
2.269999999999999882e-03 -6.108720000000000122e-02
2.279999999999999909e-03 -6.105729999999999491e-02
2.289999999999999935e-03 -6.102750000000000535e-02
2.299999999999999961e-03 -6.099759999999999904e-02
2.309999999999999987e-03 -6.096779999999999561e-02
2.320000000000000014e-03 -6.093799999999999911e-02
2.330000000000000040e-03 -6.090829999999999855e-02
2.340000000000000066e-03 -6.087850000000000206e-02
2.350000000000000092e-03 -6.084879999999999456e-02
2.359999999999999685e-03 -6.081910000000000094e-02
2.370000000000000145e-03 -6.078940000000000038e-02
2.379999999999999737e-03 -6.075969999999999982e-02
2.390000000000000197e-03 -6.073010000000000214e-02
2.399999999999999790e-03 -6.070049999999999751e-02
2.410000000000000250e-03 -6.067089999999999983e-02
2.419999999999999842e-03 -6.064130000000000215e-02
2.430000000000000302e-03 -6.061169999999999752e-02
2.439999999999999895e-03 -6.058209999999999984e-02
2.450000000000000355e-03 -6.055259999999999809e-02
2.459999999999999947e-03 -6.052309999999999635e-02
2.470000000000000407e-03 -6.049360000000000154e-02
2.480000000000000000e-03 -6.046409999999999979e-02
2.490000000000000026e-03 -6.043460000000000498e-02
2.500000000000000052e-03 -6.040519999999999917e-02
2.509999999999999645e-03 -6.037580000000000030e-02
2.520000000000000104e-03 -6.034629999999999855e-02
2.529999999999999697e-03 -6.031689999999999968e-02
2.540000000000000157e-03 -6.028759999999999675e-02
2.549999999999999750e-03 -6.025820000000000481e-02
2.560000000000000209e-03 -6.022879999999999900e-02
2.569999999999999802e-03 -6.019950000000000301e-02
2.580000000000000262e-03 -6.017020000000000007e-02
2.589999999999999854e-03 -6.014090000000000408e-02
2.599999999999999881e-03 -6.011160000000000114e-02
2.609999999999999907e-03 -6.008229999999999821e-02
2.619999999999999933e-03 -6.005299999999999527e-02
2.629999999999999959e-03 -6.002380000000000215e-02
2.639999999999999986e-03 -5.999449999999999922e-02
2.650000000000000012e-03 -5.996529999999999916e-02
2.660000000000000038e-03 -5.993610000000000604e-02
2.670000000000000064e-03 -5.990689999999999904e-02
2.680000000000000090e-03 -5.987769999999999898e-02
2.690000000000000117e-03 -5.984849999999999892e-02
2.700000000000000143e-03 -5.981940000000000174e-02
2.710000000000000169e-03 -5.979020000000000168e-02
2.720000000000000195e-03 -5.976109999999999756e-02
2.729999999999999788e-03 -5.973190000000000444e-02
2.740000000000000248e-03 -5.970280000000000031e-02
2.749999999999999840e-03 -5.967369999999999619e-02
2.759999999999999867e-03 -5.964459999999999901e-02
2.769999999999999893e-03 -5.961549999999999488e-02
2.779999999999999919e-03 -5.958639999999999770e-02
2.789999999999999945e-03 -5.955730000000000052e-02
2.799999999999999972e-03 -5.952829999999999927e-02
2.809999999999999998e-03 -5.949920000000000209e-02
2.820000000000000024e-03 -5.947020000000000084e-02
2.830000000000000050e-03 -5.944109999999999672e-02
2.839999999999999643e-03 -5.941210000000000241e-02
2.850000000000000103e-03 -5.938310000000000116e-02
2.859999999999999695e-03 -5.935409999999999991e-02
2.870000000000000155e-03 -5.932509999999999867e-02
2.879999999999999748e-03 -5.929610000000000436e-02
2.890000000000000208e-03 -5.926709999999999617e-02
2.899999999999999800e-03 -5.923810000000000187e-02
2.910000000000000260e-03 -5.920910000000000062e-02
2.919999999999999853e-03 -5.918010000000000631e-02
2.930000000000000313e-03 -5.915109999999999812e-02
2.939999999999999905e-03 -5.912210000000000382e-02
2.950000000000000365e-03 -5.909320000000000545e-02
2.959999999999999958e-03 -5.906419999999999726e-02
2.969999999999999984e-03 -5.903520000000000295e-02
2.980000000000000010e-03 -5.900630000000000458e-02
2.990000000000000036e-03 -5.897729999999999639e-02
3.000000000000000062e-03 -5.894839999999999802e-02
3.009999999999999655e-03 -5.891940000000000371e-02
3.020000000000000115e-03 -5.889050000000000534e-02
3.029999999999999707e-03 -5.886149999999999716e-02
3.040000000000000167e-03 -5.883259999999999879e-02
3.049999999999999760e-03 -5.880360000000000448e-02
3.060000000000000220e-03 -5.877470000000000611e-02
3.069999999999999812e-03 -5.874580000000000080e-02
3.080000000000000272e-03 -5.871679999999999955e-02
3.089999999999999865e-03 -5.868790000000000118e-02
3.099999999999999891e-03 -5.865889999999999993e-02
3.109999999999999917e-03 -5.863000000000000156e-02
3.119999999999999944e-03 -5.860100000000000031e-02
3.129999999999999970e-03 -5.857210000000000194e-02
3.139999999999999996e-03 -5.854310000000000069e-02
3.150000000000000022e-03 -5.851420000000000232e-02
3.160000000000000048e-03 -5.848520000000000107e-02
3.170000000000000075e-03 -5.845629999999999576e-02
3.180000000000000101e-03 -5.842730000000000146e-02
3.190000000000000127e-03 -5.839830000000000021e-02
3.200000000000000153e-03 -5.836940000000000184e-02
3.210000000000000180e-03 -5.834040000000000059e-02
3.220000000000000206e-03 -5.831139999999999934e-02
3.229999999999999798e-03 -5.828240000000000504e-02
3.240000000000000258e-03 -5.825339999999999685e-02
3.249999999999999851e-03 -5.822440000000000254e-02
3.259999999999999877e-03 -5.819540000000000129e-02
3.269999999999999903e-03 -5.816640000000000005e-02
3.279999999999999930e-03 -5.813739999999999880e-02
3.289999999999999956e-03 -5.810830000000000162e-02
3.299999999999999982e-03 -5.807930000000000037e-02
3.310000000000000008e-03 -5.805019999999999625e-02
3.320000000000000034e-03 -5.802120000000000194e-02
3.330000000000000061e-03 -5.799209999999999782e-02
3.339999999999999653e-03 -5.796300000000000063e-02
3.350000000000000113e-03 -5.793390000000000345e-02
3.359999999999999706e-03 -5.790479999999999933e-02
3.370000000000000166e-03 -5.787570000000000214e-02
3.379999999999999758e-03 -5.784660000000000496e-02
3.390000000000000218e-03 -5.781750000000000084e-02
3.399999999999999811e-03 -5.778830000000000078e-02
3.410000000000000270e-03 -5.775919999999999666e-02
3.419999999999999863e-03 -5.772999999999999660e-02
3.430000000000000323e-03 -5.770080000000000348e-02
3.439999999999999915e-03 -5.767159999999999648e-02
3.450000000000000375e-03 -5.764240000000000336e-02
3.459999999999999968e-03 -5.761310000000000042e-02
3.469999999999999994e-03 -5.758390000000000036e-02
3.480000000000000020e-03 -5.755459999999999743e-02
3.490000000000000047e-03 -5.752530000000000143e-02
3.500000000000000073e-03 -5.749600000000000544e-02
3.509999999999999665e-03 -5.746670000000000250e-02
3.520000000000000125e-03 -5.743730000000000363e-02
3.529999999999999718e-03 -5.740800000000000070e-02
3.540000000000000178e-03 -5.737860000000000182e-02
3.549999999999999770e-03 -5.734920000000000295e-02
3.560000000000000230e-03 -5.731980000000000408e-02
3.569999999999999823e-03 -5.729030000000000233e-02
3.580000000000000283e-03 -5.726089999999999652e-02
3.589999999999999875e-03 -5.723140000000000172e-02
3.599999999999999901e-03 -5.720189999999999997e-02
3.609999999999999928e-03 -5.717230000000000228e-02
3.619999999999999954e-03 -5.714280000000000054e-02
3.629999999999999980e-03 -5.711319999999999592e-02
3.640000000000000006e-03 -5.708359999999999823e-02
3.650000000000000033e-03 -5.705400000000000055e-02
3.660000000000000059e-03 -5.702429999999999999e-02
3.670000000000000085e-03 -5.699459999999999943e-02
3.680000000000000111e-03 -5.696489999999999887e-02
3.690000000000000138e-03 -5.693520000000000525e-02
3.700000000000000164e-03 -5.690540000000000181e-02
3.709999999999999756e-03 -5.687559999999999838e-02
3.720000000000000216e-03 -5.684579999999999494e-02
3.729999999999999809e-03 -5.681590000000000251e-02
3.740000000000000269e-03 -5.678600000000000314e-02
3.749999999999999861e-03 -5.675610000000000377e-02
3.759999999999999887e-03 -5.672610000000000152e-02
3.769999999999999914e-03 -5.669609999999999927e-02
3.779999999999999940e-03 -5.666609999999999703e-02
3.789999999999999966e-03 -5.663600000000000578e-02
3.799999999999999992e-03 -5.660590000000000066e-02
3.810000000000000019e-03 -5.657580000000000248e-02
3.820000000000000045e-03 -5.654560000000000142e-02
3.830000000000000071e-03 -5.651540000000000036e-02
3.839999999999999664e-03 -5.648519999999999930e-02
3.850000000000000124e-03 -5.645490000000000230e-02
3.859999999999999716e-03 -5.642459999999999837e-02
3.870000000000000176e-03 -5.639419999999999850e-02
3.879999999999999769e-03 -5.636379999999999862e-02
3.890000000000000228e-03 -5.633339999999999875e-02
3.899999999999999821e-03 -5.630290000000000294e-02
3.910000000000000281e-03 -5.627230000000000426e-02
3.919999999999999873e-03 -5.624179999999999457e-02
3.930000000000000333e-03 -5.621109999999999995e-02
3.939999999999999926e-03 -5.618050000000000127e-02
3.950000000000000386e-03 -5.614970000000000377e-02
3.959999999999999978e-03 -5.611900000000000222e-02
3.970000000000000438e-03 -5.608819999999999778e-02
3.980000000000000031e-03 -5.605729999999999741e-02
3.990000000000000491e-03 -5.602640000000000398e-02
4.000000000000000083e-03 -5.599539999999999379e-02
4.009999999999999676e-03 -5.596439999999999748e-02
4.019999999999999268e-03 -5.593330000000000524e-02
4.030000000000000596e-03 -5.590219999999999911e-02
4.040000000000000188e-03 -5.587100000000000399e-02
4.049999999999999781e-03 -5.583979999999999499e-02
4.059999999999999373e-03 -5.580850000000000394e-02
4.070000000000000701e-03 -5.577719999999999900e-02
4.080000000000000293e-03 -5.574570000000000219e-02
4.089999999999999886e-03 -5.571430000000000132e-02
4.099999999999999478e-03 -5.568269999999999470e-02
4.109999999999999938e-03 -5.565120000000000483e-02
4.120000000000000398e-03 -5.561950000000000227e-02
4.129999999999999991e-03 -5.558779999999999971e-02
4.139999999999999583e-03 -5.555599999999999428e-02
4.150000000000000043e-03 -5.552409999999999984e-02
4.160000000000000503e-03 -5.549219999999999847e-02
4.170000000000000095e-03 -5.546020000000000116e-02
4.179999999999999688e-03 -5.542819999999999692e-02
4.190000000000000148e-03 -5.539600000000000080e-02
4.200000000000000608e-03 -5.536379999999999774e-02
4.210000000000000200e-03 -5.533149999999999874e-02
4.219999999999999793e-03 -5.529919999999999974e-02
4.230000000000000253e-03 -5.526680000000000481e-02
4.239999999999999845e-03 -5.523420000000000413e-02
4.250000000000000305e-03 -5.520169999999999938e-02
4.259999999999999898e-03 -5.516899999999999582e-02
4.269999999999999490e-03 -5.513620000000000326e-02
4.279999999999999950e-03 -5.510340000000000377e-02
4.290000000000000410e-03 -5.507050000000000139e-02
4.300000000000000003e-03 -5.503750000000000309e-02
4.309999999999999595e-03 -5.500439999999999496e-02
4.320000000000000055e-03 -5.497120000000000478e-02
4.329999999999999648e-03 -5.493789999999999785e-02
4.340000000000000108e-03 -5.490450000000000191e-02
4.349999999999999700e-03 -5.487109999999999904e-02
4.360000000000000160e-03 -5.483749999999999736e-02
4.369999999999999753e-03 -5.480389999999999567e-02
4.380000000000000213e-03 -5.477010000000000212e-02
4.389999999999999805e-03 -5.473630000000000162e-02
4.400000000000000265e-03 -5.470230000000000231e-02
4.409999999999999858e-03 -5.466820000000000013e-02
4.420000000000000318e-03 -5.463409999999999794e-02
4.429999999999999910e-03 -5.459980000000000389e-02
4.440000000000000370e-03 -5.456540000000000001e-02
4.449999999999999963e-03 -5.453090000000000021e-02
4.459999999999999555e-03 -5.449629999999999752e-02
4.470000000000000015e-03 -5.446150000000000296e-02
4.480000000000000475e-03 -5.442669999999999453e-02
4.490000000000000067e-03 -5.439170000000000116e-02
4.499999999999999660e-03 -5.435659999999999797e-02
4.510000000000000120e-03 -5.432139999999999885e-02
4.519999999999999712e-03 -5.428600000000000092e-02
4.530000000000000172e-03 -5.425050000000000011e-02
4.539999999999999765e-03 -5.421490000000000337e-02
4.550000000000000225e-03 -5.417920000000000375e-02
4.559999999999999817e-03 -5.414330000000000531e-02
4.570000000000000277e-03 -5.410720000000000113e-02
4.579999999999999870e-03 -5.407110000000000388e-02
4.589999999999999462e-03 -5.403469999999999801e-02
4.599999999999999922e-03 -5.399829999999999908e-02
4.610000000000000382e-03 -5.396159999999999846e-02
4.619999999999999975e-03 -5.392489999999999783e-02
4.629999999999999567e-03 -5.388790000000000247e-02
4.640000000000000027e-03 -5.385079999999999728e-02
4.650000000000000487e-03 -5.381350000000000022e-02
4.660000000000000080e-03 -5.377610000000000029e-02
4.669999999999999672e-03 -5.373850000000000154e-02
4.680000000000000132e-03 -5.370069999999999705e-02
4.690000000000000592e-03 -5.366270000000000068e-02
4.700000000000000185e-03 -5.362460000000000143e-02
4.709999999999999777e-03 -5.358620000000000050e-02
4.719999999999999370e-03 -5.354769999999999669e-02
4.730000000000000697e-03 -5.350900000000000101e-02
4.740000000000000289e-03 -5.347009999999999957e-02
4.749999999999999882e-03 -5.343090000000000339e-02
4.759999999999999475e-03 -5.339159999999999739e-02
4.769999999999999934e-03 -5.335199999999999665e-02
4.780000000000000394e-03 -5.331219999999999709e-02
4.789999999999999987e-03 -5.327219999999999872e-02
4.799999999999999580e-03 -5.323200000000000154e-02
4.810000000000000039e-03 -5.319149999999999573e-02
4.820000000000000499e-03 -5.315079999999999805e-02
4.830000000000000092e-03 -5.310979999999999868e-02
4.839999999999999684e-03 -5.306860000000000049e-02
4.849999999999999277e-03 -5.302710000000000062e-02
4.860000000000000604e-03 -5.298540000000000194e-02
4.870000000000000197e-03 -5.294329999999999870e-02
4.879999999999999789e-03 -5.290100000000000358e-02
4.889999999999999382e-03 -5.285839999999999983e-02
4.900000000000000709e-03 -5.281550000000000133e-02
4.910000000000000302e-03 -5.277230000000000115e-02
4.919999999999999894e-03 -5.272879999999999928e-02
4.929999999999999487e-03 -5.268500000000000266e-02
4.940000000000000814e-03 -5.264080000000000148e-02
4.950000000000000407e-03 -5.259629999999999861e-02
4.959999999999999999e-03 -5.255139999999999811e-02
4.969999999999999592e-03 -5.250610000000000693e-02
4.980000000000000052e-03 -5.246050000000000019e-02
4.990000000000000512e-03 -5.241449999999999582e-02
5.000000000000000104e-03 -5.236800000000000482e-02
5.009999999999999697e-03 -5.232119999999999826e-02
5.019999999999999289e-03 -5.227389999999999814e-02
5.030000000000000616e-03 -5.222620000000000040e-02
5.040000000000000209e-03 -5.217799999999999522e-02
5.049999999999999802e-03 -5.212930000000000341e-02
5.059999999999999394e-03 -5.208010000000000417e-02
5.069999999999999854e-03 -5.203039999999999748e-02
5.080000000000000314e-03 -5.198020000000000418e-02
5.089999999999999906e-03 -5.192940000000000056e-02
5.099999999999999499e-03 -5.187800000000000050e-02
5.109999999999999959e-03 -5.182599999999999707e-02
5.120000000000000419e-03 -5.177330000000000126e-02
5.130000000000000011e-03 -5.172000000000000208e-02
5.139999999999999604e-03 -5.166599999999999665e-02
5.150000000000000064e-03 -5.161119999999999597e-02
5.160000000000000524e-03 -5.155560000000000004e-02
5.170000000000000116e-03 -5.149920000000000192e-02
5.179999999999999709e-03 -5.144200000000000161e-02
5.190000000000000169e-03 -5.138380000000000031e-02
5.199999999999999761e-03 -5.132470000000000088e-02
5.210000000000000221e-03 -5.126449999999999757e-02
5.219999999999999814e-03 -5.120320000000000427e-02
5.230000000000000274e-03 -5.114070000000000421e-02
5.239999999999999866e-03 -5.107699999999999740e-02
5.250000000000000326e-03 -5.101189999999999891e-02
5.259999999999999919e-03 -5.094540000000000179e-02
5.269999999999999511e-03 -5.087720000000000437e-02
5.279999999999999971e-03 -5.080740000000000256e-02
5.290000000000000431e-03 -5.073559999999999875e-02
5.300000000000000024e-03 -5.066170000000000395e-02
5.309999999999999616e-03 -5.058560000000000140e-02
5.320000000000000076e-03 -5.050690000000000041e-02
5.329999999999999669e-03 -5.042529999999999929e-02
5.340000000000000129e-03 -5.034049999999999636e-02
5.349999999999999721e-03 -5.025190000000000212e-02
5.360000000000000181e-03 -5.015910000000000507e-02
5.369999999999999774e-03 -5.006139999999999896e-02
5.380000000000000233e-03 -4.995770000000000072e-02
5.389999999999999826e-03 -4.984700000000000242e-02
5.400000000000000286e-03 -4.972769999999999968e-02
5.409999999999999878e-03 -4.959790000000000032e-02
5.420000000000000338e-03 -4.945499999999999896e-02
5.429999999999999931e-03 -4.929569999999999785e-02
5.440000000000000391e-03 -4.911599999999999994e-02
5.449999999999999983e-03 -4.891120000000000190e-02
5.459999999999999576e-03 -4.867600000000000399e-02
5.470000000000000036e-03 -4.840330000000000327e-02
5.480000000000000496e-03 -4.808310000000000362e-02
5.490000000000000088e-03 -4.770239999999999897e-02
5.499999999999999681e-03 -4.724600000000000327e-02
5.510000000000000141e-03 -4.669910000000000033e-02
5.519999999999999733e-03 -4.604939999999999728e-02
5.530000000000000193e-03 -4.528900000000000287e-02
5.539999999999999786e-03 -4.441649999999999765e-02
5.550000000000000246e-03 -4.343760000000000676e-02
5.559999999999999838e-03 -4.236249999999999738e-02
5.570000000000000298e-03 -4.120329999999999826e-02
5.579999999999999891e-03 -3.997079999999999383e-02
5.589999999999999483e-03 -3.867349999999999954e-02
5.599999999999999943e-03 -3.731659999999999838e-02
5.610000000000000403e-03 -3.590299999999999742e-02
5.619999999999999996e-03 -3.443310000000000121e-02
5.629999999999999588e-03 -3.290649999999999825e-02
5.640000000000000048e-03 -3.132340000000000124e-02
5.650000000000000508e-03 -2.968559999999999949e-02
5.660000000000000100e-03 -2.799780000000000324e-02
5.669999999999999693e-03 -2.626920000000000296e-02
5.679999999999999286e-03 -2.451240000000000016e-02
5.690000000000000613e-03 -2.274349999999999983e-02
5.700000000000000205e-03 -2.092640000000000125e-02
5.709999999999999798e-03 -1.901129999999999834e-02
5.719999999999999390e-03 -1.694050000000000070e-02
5.730000000000000718e-03 -1.465049999999999859e-02
5.740000000000000310e-03 -1.207360000000000030e-02
5.749999999999999903e-03 -9.144339999999999066e-03
5.759999999999999495e-03 -5.819640000000000056e-03
5.769999999999999955e-03 -2.111290000000000042e-03
5.780000000000000415e-03 1.877250000000000012e-03
5.790000000000000008e-03 5.939820000000000169e-03
5.799999999999999600e-03 9.816069999999999657e-03
5.809999999999999193e-03 1.327870000000000092e-02
5.820000000000000520e-03 1.619459999999999997e-02
5.830000000000000113e-03 1.852819999999999814e-02
5.839999999999999705e-03 2.031019999999999701e-02
5.849999999999999298e-03 2.160290000000000127e-02
5.860000000000000625e-03 2.247570000000000123e-02
5.870000000000000218e-03 2.299340000000000064e-02
5.879999999999999810e-03 2.321140000000000009e-02
5.889999999999999403e-03 2.317519999999999997e-02
5.900000000000000730e-03 2.292169999999999971e-02
5.910000000000000323e-03 2.248069999999999929e-02
5.919999999999999915e-03 2.187689999999999774e-02
5.929999999999999508e-03 2.113090000000000107e-02
5.939999999999999968e-03 2.026040000000000132e-02
5.950000000000000427e-03 1.928099999999999953e-02
5.960000000000000020e-03 1.820700000000000096e-02
5.969999999999999613e-03 1.705150000000000068e-02
5.980000000000000072e-03 1.582669999999999910e-02
5.990000000000000532e-03 1.454450000000000014e-02
6.000000000000000125e-03 1.321599999999999858e-02
6.009999999999999717e-03 1.185180000000000088e-02
6.019999999999999310e-03 1.046189999999999967e-02
6.030000000000000637e-03 9.055350000000000205e-03
6.040000000000000230e-03 7.640489999999999782e-03
6.049999999999999822e-03 6.224590000000000331e-03
6.059999999999999415e-03 4.813900000000000297e-03
6.069999999999999875e-03 3.413639999999999904e-03
6.080000000000000335e-03 2.028049999999999992e-03
6.089999999999999927e-03 6.604160000000000412e-04
6.099999999999999520e-03 -6.867539999999999235e-04
6.109999999999999980e-03 -2.011690000000000006e-03
6.120000000000000440e-03 -3.313239999999999848e-03
6.130000000000000032e-03 -4.590750000000000212e-03
6.139999999999999625e-03 -5.844020000000000117e-03
6.150000000000000085e-03 -7.073150000000000270e-03
6.160000000000000545e-03 -8.278570000000000720e-03
6.170000000000000137e-03 -9.460879999999999637e-03
6.179999999999999730e-03 -1.062090000000000083e-02
6.190000000000000190e-03 -1.175990000000000021e-02
6.199999999999999782e-03 -1.287929999999999978e-02
6.210000000000000242e-03 -1.398019999999999992e-02
6.219999999999999835e-03 -1.506329999999999995e-02
6.230000000000000294e-03 -1.612879999999999869e-02
6.239999999999999887e-03 -1.717689999999999842e-02
6.250000000000000347e-03 -1.820760000000000087e-02
6.259999999999999939e-03 -1.922050000000000147e-02
6.269999999999999532e-03 -2.021519999999999914e-02
6.279999999999999992e-03 -2.119109999999999744e-02
6.290000000000000452e-03 -2.214730000000000171e-02
6.300000000000000044e-03 -2.308299999999999935e-02
6.309999999999999637e-03 -2.399470000000000075e-02
6.320000000000000097e-03 -2.488040000000000043e-02
6.329999999999999689e-03 -2.574159999999999990e-02
6.340000000000000149e-03 -2.658349999999999949e-02
6.349999999999999742e-03 -2.741069999999999965e-02
6.360000000000000202e-03 -2.822689999999999921e-02
6.369999999999999794e-03 -2.903539999999999940e-02
6.380000000000000254e-03 -2.983759999999999885e-02
6.389999999999999847e-03 -3.063429999999999973e-02
6.400000000000000307e-03 -3.142640000000000017e-02
6.409999999999999899e-03 -3.221469999999999889e-02
6.420000000000000359e-03 -3.299889999999999768e-02
6.429999999999999952e-03 -3.377859999999999890e-02
6.440000000000000412e-03 -3.455239999999999700e-02
6.450000000000000004e-03 -3.531850000000000267e-02
6.459999999999999597e-03 -3.607470000000000121e-02
6.470000000000000057e-03 -3.681829999999999825e-02
6.480000000000000517e-03 -3.754650000000000348e-02
6.490000000000000109e-03 -3.825639999999999596e-02
6.499999999999999702e-03 -3.894480000000000164e-02
6.510000000000000162e-03 -3.960150000000000475e-02
6.519999999999999754e-03 -4.021600000000000175e-02
6.530000000000000214e-03 -4.078909999999999481e-02
6.539999999999999807e-03 -4.132170000000000287e-02
6.549999999999999399e-03 -4.181479999999999919e-02
6.559999999999999859e-03 -4.226970000000000033e-02
6.570000000000000319e-03 -4.268770000000000203e-02
6.579999999999999911e-03 -4.307060000000000055e-02
6.589999999999999504e-03 -4.342029999999999501e-02
6.599999999999999964e-03 -4.373900000000000010e-02
6.610000000000000424e-03 -4.402879999999999988e-02
6.620000000000000016e-03 -4.429220000000000379e-02
6.629999999999999609e-03 -4.453139999999999876e-02
6.640000000000000069e-03 -4.474870000000000236e-02
6.650000000000000529e-03 -4.494639999999999747e-02
6.660000000000000121e-03 -4.512669999999999876e-02
6.669999999999999714e-03 -4.529149999999999843e-02
6.679999999999999306e-03 -4.544290000000000135e-02
6.690000000000000634e-03 -4.558260000000000089e-02
6.700000000000000226e-03 -4.571229999999999738e-02
6.709999999999999819e-03 -4.583369999999999805e-02
6.719999999999999411e-03 -4.594800000000000273e-02
6.730000000000000739e-03 -4.605669999999999903e-02
6.740000000000000331e-03 -4.616089999999999777e-02
6.749999999999999924e-03 -4.626169999999999588e-02
6.759999999999999516e-03 -4.636019999999999724e-02
6.769999999999999976e-03 -4.645709999999999423e-02
6.780000000000000436e-03 -4.655340000000000172e-02
6.790000000000000029e-03 -4.664979999999999821e-02
6.799999999999999621e-03 -4.674679999999999808e-02
6.809999999999999214e-03 -4.684519999999999657e-02
6.820000000000000541e-03 -4.694530000000000231e-02
6.830000000000000134e-03 -4.704780000000000073e-02
6.839999999999999726e-03 -4.715290000000000453e-02
6.849999999999999319e-03 -4.726100000000000440e-02
6.860000000000000646e-03 -4.737250000000000488e-02
6.870000000000000238e-03 -4.748749999999999499e-02
6.879999999999999831e-03 -4.760640000000000011e-02
6.889999999999999424e-03 -4.772939999999999822e-02
6.900000000000000751e-03 -4.785649999999999626e-02
6.910000000000000343e-03 -4.798790000000000000e-02
6.919999999999999936e-03 -4.812360000000000249e-02
6.929999999999999528e-03 -4.826380000000000253e-02
6.939999999999999988e-03 -4.840849999999999320e-02
6.950000000000000448e-03 -4.855769999999999531e-02
6.960000000000000041e-03 -4.871139999999999498e-02
6.969999999999999633e-03 -4.886940000000000034e-02
6.980000000000000093e-03 -4.903180000000000038e-02
6.990000000000000553e-03 -4.919839999999999630e-02
7.000000000000000146e-03 -4.936920000000000197e-02
7.009999999999999738e-03 -4.954399999999999776e-02
7.019999999999999331e-03 -4.972259999999999874e-02
7.030000000000000658e-03 -4.990489999999999510e-02
7.040000000000000251e-03 -5.009059999999999901e-02
7.049999999999999843e-03 -5.027969999999999662e-02
7.059999999999999436e-03 -5.047180000000000416e-02
7.069999999999999896e-03 -5.066680000000000489e-02
7.080000000000000356e-03 -5.086430000000000118e-02
7.089999999999999948e-03 -5.106419999999999709e-02
7.099999999999999541e-03 -5.126610000000000195e-02
7.110000000000000001e-03 -5.146990000000000592e-02
7.120000000000000460e-03 -5.167519999999999752e-02
7.130000000000000053e-03 -5.188170000000000281e-02
7.139999999999999646e-03 -5.208929999999999810e-02
7.150000000000000105e-03 -5.229749999999999677e-02
7.160000000000000565e-03 -5.250610000000000693e-02
7.170000000000000158e-03 -5.271479999999999916e-02
7.179999999999999750e-03 -5.292349999999999832e-02
7.190000000000000210e-03 -5.313160000000000105e-02
7.199999999999999803e-03 -5.333910000000000040e-02
7.210000000000000263e-03 -5.354559999999999875e-02
7.219999999999999855e-03 -5.375090000000000423e-02
7.230000000000000315e-03 -5.395470000000000127e-02
7.239999999999999908e-03 -5.415670000000000206e-02
7.250000000000000368e-03 -5.435669999999999391e-02
7.259999999999999960e-03 -5.455440000000000289e-02
7.269999999999999553e-03 -5.474949999999999956e-02
7.280000000000000013e-03 -5.494189999999999491e-02
7.289999999999999605e-03 -5.513119999999999826e-02
7.300000000000000065e-03 -5.531710000000000099e-02
7.309999999999999658e-03 -5.549930000000000141e-02
7.320000000000000118e-03 -5.567750000000000477e-02
7.329999999999999710e-03 -5.585129999999999956e-02
7.340000000000000170e-03 -5.602040000000000491e-02
7.349999999999999763e-03 -5.618410000000000071e-02
7.360000000000000223e-03 -5.634190000000000031e-02
7.369999999999999815e-03 -5.649289999999999867e-02
7.380000000000000275e-03 -5.663640000000000341e-02
7.389999999999999868e-03 -5.677120000000000083e-02
7.400000000000000328e-03 -5.689609999999999806e-02
7.409999999999999920e-03 -5.700970000000000343e-02
7.419999999999999513e-03 -5.711039999999999867e-02
7.429999999999999973e-03 -5.719579999999999803e-02
7.440000000000000432e-03 -5.726339999999999902e-02
7.450000000000000025e-03 -5.730919999999999764e-02
7.459999999999999618e-03 -5.732889999999999514e-02
7.470000000000000077e-03 -5.731719999999999871e-02
7.480000000000000537e-03 -5.726939999999999809e-02
7.490000000000000130e-03 -5.718119999999999453e-02
7.499999999999999722e-03 -5.704970000000000180e-02
7.510000000000000182e-03 -5.687380000000000213e-02
7.519999999999999775e-03 -5.665370000000000128e-02
7.530000000000000235e-03 -5.639050000000000312e-02
7.539999999999999827e-03 -5.608629999999999866e-02
7.549999999999999420e-03 -5.574359999999999732e-02
7.559999999999999880e-03 -5.536510000000000042e-02
7.570000000000000340e-03 -5.495450000000000335e-02
7.579999999999999932e-03 -5.451620000000000077e-02
7.589999999999999525e-03 -5.405580000000000107e-02
7.599999999999999985e-03 -5.357950000000000212e-02
7.610000000000000445e-03 -5.309350000000000180e-02
7.620000000000000037e-03 -5.260410000000000086e-02
7.629999999999999630e-03 -5.211719999999999547e-02
7.640000000000000090e-03 -5.163809999999999928e-02
7.650000000000000550e-03 -5.117110000000000408e-02
7.660000000000000142e-03 -5.071990000000000526e-02
7.669999999999999735e-03 -5.028749999999999887e-02
7.679999999999999327e-03 -4.987609999999999960e-02
7.690000000000000654e-03 -4.948720000000000202e-02
7.700000000000000247e-03 -4.912180000000000019e-02
7.709999999999999840e-03 -4.878029999999999866e-02
7.719999999999999432e-03 -4.846280000000000032e-02
7.730000000000000759e-03 -4.816909999999999942e-02
7.740000000000000352e-03 -4.789889999999999426e-02
7.749999999999999944e-03 -4.765169999999999823e-02
7.759999999999999537e-03 -4.742690000000000100e-02
7.769999999999999997e-03 -4.722370000000000040e-02
7.780000000000000457e-03 -4.704169999999999879e-02
7.790000000000000049e-03 -4.688000000000000500e-02
7.799999999999999642e-03 -4.673810000000000464e-02
7.809999999999999235e-03 -4.661540000000000128e-02
7.820000000000000562e-03 -4.651140000000000135e-02
7.830000000000000154e-03 -4.642550000000000149e-02
7.839999999999999747e-03 -4.635730000000000406e-02
7.849999999999999339e-03 -4.630650000000000044e-02
7.860000000000000667e-03 -4.627269999999999994e-02
7.870000000000000259e-03 -4.625589999999999563e-02
7.879999999999999852e-03 -4.625589999999999563e-02
7.889999999999999444e-03 -4.627279999999999588e-02
7.900000000000000772e-03 -4.630689999999999806e-02
7.910000000000000364e-03 -4.635840000000000100e-02
7.919999999999999957e-03 -4.642770000000000230e-02
7.929999999999999549e-03 -4.651550000000000129e-02
7.940000000000000877e-03 -4.662220000000000253e-02
7.950000000000000469e-03 -4.674860000000000126e-02
7.960000000000000062e-03 -4.689549999999999969e-02
7.969999999999999654e-03 -4.706420000000000048e-02
7.980000000000000981e-03 -4.725630000000000108e-02
7.990000000000000574e-03 -4.747379999999999656e-02
8.000000000000000167e-03 -4.771900000000000447e-02
8.009999999999999759e-03 -4.799389999999999906e-02
8.019999999999999352e-03 -4.830060000000000603e-02
8.029999999999998944e-03 -4.864020000000000149e-02
8.039999999999998537e-03 -4.901269999999999932e-02
8.049999999999999864e-03 -4.941589999999999872e-02
8.060000000000001191e-03 -4.984490000000000448e-02
8.070000000000000784e-03 -5.029290000000000149e-02
8.080000000000000376e-03 -5.075129999999999919e-02
8.089999999999999969e-03 -5.121179999999999483e-02
8.099999999999999561e-03 -5.166690000000000171e-02
8.109999999999999154e-03 -5.211079999999999879e-02
8.119999999999998747e-03 -5.253929999999999712e-02
8.130000000000000074e-03 -5.294970000000000232e-02
8.140000000000001401e-03 -5.334049999999999903e-02
8.150000000000000994e-03 -5.371120000000000061e-02
8.160000000000000586e-03 -5.406170000000000420e-02
8.170000000000000179e-03 -5.439229999999999760e-02
8.179999999999999771e-03 -5.470380000000000381e-02
8.189999999999999364e-03 -5.499679999999999847e-02
8.199999999999998956e-03 -5.527230000000000337e-02
8.210000000000000284e-03 -5.553099999999999703e-02
8.219999999999999876e-03 -5.577400000000000413e-02
8.230000000000001203e-03 -5.600209999999999910e-02
8.240000000000000796e-03 -5.621620000000000089e-02
8.250000000000000389e-03 -5.641700000000000187e-02
8.259999999999999981e-03 -5.660549999999999610e-02
8.269999999999999574e-03 -5.678220000000000489e-02
8.279999999999999166e-03 -5.694799999999999862e-02
8.289999999999998759e-03 -5.710349999999999454e-02
8.300000000000000086e-03 -5.724929999999999602e-02
8.309999999999999679e-03 -5.738599999999999951e-02
8.320000000000001006e-03 -5.751420000000000143e-02
8.330000000000000598e-03 -5.763430000000000636e-02
8.340000000000000191e-03 -5.774689999999999684e-02
8.349999999999999784e-03 -5.785250000000000115e-02
8.359999999999999376e-03 -5.795130000000000420e-02
8.369999999999998969e-03 -5.804390000000000244e-02
8.380000000000000296e-03 -5.813070000000000043e-02
8.389999999999999888e-03 -5.821189999999999698e-02
8.400000000000001216e-03 -5.828790000000000360e-02
8.410000000000000808e-03 -5.835909999999999709e-02
8.420000000000000401e-03 -5.842560000000000114e-02
8.429999999999999993e-03 -5.848790000000000239e-02
8.439999999999999586e-03 -5.854600000000000082e-02
8.449999999999999178e-03 -5.860040000000000388e-02
8.460000000000000506e-03 -5.865120000000000056e-02
8.470000000000000098e-03 -5.869859999999999661e-02
8.479999999999999691e-03 -5.874280000000000473e-02
8.490000000000001018e-03 -5.878399999999999598e-02
8.500000000000000611e-03 -5.882240000000000385e-02
8.510000000000000203e-03 -5.885819999999999941e-02
8.519999999999999796e-03 -5.889139999999999653e-02
8.529999999999999388e-03 -5.892239999999999978e-02
8.539999999999998981e-03 -5.895109999999999933e-02
8.550000000000000308e-03 -5.897770000000000096e-02
8.559999999999999901e-03 -5.900240000000000345e-02
8.569999999999999493e-03 -5.902530000000000276e-02
8.580000000000000820e-03 -5.904639999999999889e-02
8.590000000000000413e-03 -5.906600000000000045e-02
8.600000000000000006e-03 -5.908390000000000170e-02
8.609999999999999598e-03 -5.910049999999999332e-02
8.619999999999999191e-03 -5.911570000000000019e-02
8.630000000000000518e-03 -5.912960000000000438e-02
8.640000000000000110e-03 -5.914230000000000181e-02
8.649999999999999703e-03 -5.915390000000000231e-02
8.659999999999999296e-03 -5.916439999999999894e-02
8.670000000000000623e-03 -5.917390000000000150e-02
8.680000000000000215e-03 -5.918249999999999900e-02
8.689999999999999808e-03 -5.919019999999999837e-02
8.699999999999999400e-03 -5.919709999999999556e-02
8.710000000000000728e-03 -5.920320000000000443e-02
8.720000000000000320e-03 -5.920860000000000012e-02
8.729999999999999913e-03 -5.921329999999999649e-02
8.739999999999999505e-03 -5.921739999999999643e-02
8.750000000000000833e-03 -5.922079999999999705e-02
8.760000000000000425e-03 -5.922370000000000412e-02
8.770000000000000018e-03 -5.922610000000000374e-02
8.779999999999999610e-03 -5.922789999999999999e-02
8.789999999999999203e-03 -5.922929999999999862e-02
8.800000000000000530e-03 -5.923029999999999962e-02
8.810000000000000123e-03 -5.923080000000000012e-02
8.819999999999999715e-03 -5.923099999999999893e-02
8.829999999999999308e-03 -5.923080000000000012e-02
8.840000000000000635e-03 -5.923029999999999962e-02
8.850000000000000228e-03 -5.922950000000000437e-02
8.859999999999999820e-03 -5.922829999999999762e-02
8.869999999999999413e-03 -5.922689999999999899e-02
8.880000000000000740e-03 -5.922529999999999462e-02
8.890000000000000333e-03 -5.922339999999999549e-02
8.899999999999999925e-03 -5.922129999999999755e-02
8.909999999999999518e-03 -5.921900000000000081e-02
8.919999999999999110e-03 -5.921660000000000118e-02
8.930000000000000437e-03 -5.921389999999999987e-02
8.940000000000000030e-03 -5.921110000000000262e-02
8.949999999999999623e-03 -5.920809999999999962e-02
8.960000000000000950e-03 -5.920500000000000068e-02
8.970000000000000542e-03 -5.920179999999999887e-02
8.980000000000000135e-03 -5.919850000000000112e-02
8.989999999999999727e-03 -5.919509999999999356e-02
8.999999999999999320e-03 -5.919160000000000393e-02
9.010000000000000647e-03 -5.918800000000000450e-02
9.020000000000000240e-03 -5.918430000000000218e-02
9.029999999999999832e-03 -5.918059999999999987e-02
9.039999999999999425e-03 -5.917680000000000162e-02
9.050000000000000752e-03 -5.917290000000000050e-02
9.060000000000000345e-03 -5.916910000000000225e-02
9.069999999999999937e-03 -5.916510000000000519e-02
9.079999999999999530e-03 -5.916120000000000406e-02
9.089999999999999122e-03 -5.915720000000000006e-02
9.100000000000000450e-03 -5.915319999999999606e-02
9.110000000000000042e-03 -5.914919999999999900e-02
9.119999999999999635e-03 -5.914520000000000194e-02
9.130000000000000962e-03 -5.914110000000000200e-02
9.140000000000000555e-03 -5.913709999999999800e-02
9.150000000000000147e-03 -5.913310000000000094e-02
9.159999999999999740e-03 -5.912910000000000388e-02
9.169999999999999332e-03 -5.912509999999999988e-02
9.179999999999998925e-03 -5.912109999999999588e-02
9.190000000000000252e-03 -5.911719999999999475e-02
9.199999999999999845e-03 -5.911319999999999769e-02
9.210000000000001172e-03 -5.910929999999999657e-02
9.220000000000000764e-03 -5.910540000000000238e-02
9.230000000000000357e-03 -5.910159999999999719e-02
9.239999999999999949e-03 -5.909779999999999894e-02
9.249999999999999542e-03 -5.909400000000000069e-02
9.259999999999999135e-03 -5.909020000000000244e-02
9.269999999999998727e-03 -5.908650000000000013e-02
9.280000000000000054e-03 -5.908290000000000070e-02
9.289999999999999647e-03 -5.907930000000000126e-02
9.300000000000000974e-03 -5.907569999999999488e-02
9.310000000000000567e-03 -5.907220000000000526e-02
9.320000000000000159e-03 -5.906870000000000176e-02
9.329999999999999752e-03 -5.906530000000000113e-02
9.339999999999999344e-03 -5.906199999999999645e-02
9.349999999999998937e-03 -5.905869999999999870e-02
9.360000000000000264e-03 -5.905540000000000095e-02
9.369999999999999857e-03 -5.905219999999999914e-02
9.380000000000001184e-03 -5.904910000000000020e-02
9.390000000000000777e-03 -5.904600000000000126e-02
9.400000000000000369e-03 -5.904299999999999826e-02
9.409999999999999962e-03 -5.904010000000000508e-02
9.419999999999999554e-03 -5.903719999999999801e-02
9.429999999999999147e-03 -5.903440000000000076e-02
9.439999999999998739e-03 -5.903159999999999658e-02
9.450000000000000067e-03 -5.902890000000000220e-02
9.460000000000001394e-03 -5.902629999999999683e-02
9.470000000000000986e-03 -5.902380000000000126e-02
9.480000000000000579e-03 -5.902129999999999876e-02
9.490000000000000172e-03 -5.901889999999999914e-02
9.499999999999999764e-03 -5.901649999999999952e-02
9.509999999999999357e-03 -5.901420000000000277e-02
9.519999999999998949e-03 -5.901200000000000195e-02
9.529999999999998542e-03 -5.900990000000000402e-02
9.539999999999999869e-03 -5.900780000000000608e-02
9.550000000000001196e-03 -5.900580000000000408e-02
9.560000000000000789e-03 -5.900390000000000496e-02
9.570000000000000381e-03 -5.900200000000000583e-02
9.579999999999999974e-03 -5.900020000000000264e-02
9.589999999999999566e-03 -5.899850000000000233e-02
9.599999999999999159e-03 -5.899689999999999795e-02
9.609999999999998752e-03 -5.899530000000000052e-02
9.620000000000000079e-03 -5.899379999999999902e-02
9.630000000000001406e-03 -5.899240000000000039e-02
9.640000000000000999e-03 -5.899100000000000177e-02
9.650000000000000591e-03 -5.898969999999999908e-02
9.660000000000000184e-03 -5.898849999999999927e-02
9.669999999999999776e-03 -5.898740000000000233e-02
9.679999999999999369e-03 -5.898629999999999846e-02
9.689999999999998961e-03 -5.898530000000000439e-02
9.699999999999998554e-03 -5.898439999999999933e-02
9.710000000000001616e-03 -5.898360000000000408e-02
9.720000000000001208e-03 -5.898279999999999496e-02
9.730000000000000801e-03 -5.898210000000000258e-02
9.740000000000000394e-03 -5.898140000000000327e-02
9.749999999999999986e-03 -5.898089999999999583e-02
9.759999999999999579e-03 -5.898040000000000227e-02
9.769999999999999171e-03 -5.897999999999999771e-02
9.779999999999998764e-03 -5.897960000000000008e-02
9.789999999999998356e-03 -5.897930000000000533e-02
9.800000000000001418e-03 -5.897909999999999958e-02
9.810000000000001011e-03 -5.897899999999999671e-02
9.820000000000000603e-03 -5.897890000000000077e-02
9.830000000000000196e-03 -5.897899999999999671e-02
9.839999999999999789e-03 -5.897899999999999671e-02
9.849999999999999381e-03 -5.897919999999999552e-02
9.859999999999998974e-03 -5.897940000000000127e-02
9.869999999999998566e-03 -5.897970000000000296e-02
9.880000000000001628e-03 -5.897999999999999771e-02
9.890000000000001221e-03 -5.898049999999999821e-02
9.900000000000000813e-03 -5.898089999999999583e-02
9.910000000000000406e-03 -5.898149999999999921e-02
9.919999999999999998e-03 -5.898210000000000258e-02
9.929999999999999591e-03 -5.898279999999999496e-02
9.939999999999999183e-03 -5.898360000000000408e-02
9.949999999999998776e-03 -5.898439999999999933e-02
9.960000000000000103e-03 -5.898530000000000439e-02
9.970000000000001431e-03 -5.898619999999999558e-02
9.980000000000001023e-03 -5.898720000000000352e-02
9.990000000000000616e-03 -5.898830000000000046e-02
1.000000000000000021e-02 -5.898950000000000027e-02
