0.000000000000000000e+00 -7.000000000000000666e-02
1.000000000000000082e-05 -6.979509999999999881e-02
2.000000000000000164e-05 -6.966020000000000545e-02
2.999999999999999737e-05 -6.954799999999999871e-02
4.000000000000000327e-05 -6.944790000000000685e-02
5.000000000000000240e-05 -6.935579999999999523e-02
5.999999999999999474e-05 -6.926949999999999774e-02
7.000000000000000742e-05 -6.918749999999999900e-02
8.000000000000000654e-05 -6.910899999999998988e-02
8.999999999999999212e-05 -6.903329999999999189e-02
1.000000000000000048e-04 -6.896009999999999640e-02
1.100000000000000039e-04 -6.888899999999999191e-02
1.199999999999999895e-04 -6.881959999999999467e-02
1.300000000000000157e-04 -6.875190000000000468e-02
1.400000000000000148e-04 -6.868550000000001043e-02
1.499999999999999869e-04 -6.862050000000000094e-02
1.600000000000000131e-04 -6.855650000000000632e-02
1.700000000000000122e-04 -6.849360000000000170e-02
1.799999999999999842e-04 -6.843170000000001196e-02
1.900000000000000105e-04 -6.837059999999998972e-02
2.000000000000000096e-04 -6.831040000000000723e-02
2.099999999999999816e-04 -6.825090000000000323e-02
2.200000000000000078e-04 -6.819209999999999161e-02
2.300000000000000070e-04 -6.813389999999999724e-02
2.399999999999999790e-04 -6.807640000000000913e-02
2.500000000000000052e-04 -6.801949999999999663e-02
2.600000000000000314e-04 -6.796309999999999851e-02
2.700000000000000035e-04 -6.790720000000000089e-02
2.800000000000000297e-04 -6.785180000000000378e-02
2.900000000000000017e-04 -6.779689999999999328e-02
2.999999999999999737e-04 -6.774240000000000816e-02
3.099999999999999999e-04 -6.768839999999999579e-02
3.200000000000000262e-04 -6.763469999999999205e-02
3.299999999999999982e-04 -6.758139999999999981e-02
3.400000000000000244e-04 -6.752849999999999131e-02
3.499999999999999964e-04 -6.747599999999999432e-02
3.599999999999999685e-04 -6.742380000000000595e-02
3.699999999999999947e-04 -6.737189999999999845e-02
3.800000000000000209e-04 -6.732029999999999959e-02
3.899999999999999929e-04 -6.726909999999999834e-02
4.000000000000000192e-04 -6.721810000000000285e-02
4.099999999999999912e-04 -6.716740000000000210e-02
4.199999999999999632e-04 -6.711700000000000998e-02
4.299999999999999894e-04 -6.706689999999999874e-02
4.400000000000000157e-04 -6.701699999999999324e-02
4.499999999999999877e-04 -6.696729999999999350e-02
4.600000000000000139e-04 -6.691790000000000238e-02
4.699999999999999859e-04 -6.686879999999999213e-02
4.799999999999999580e-04 -6.681979999999999864e-02
4.899999999999999842e-04 -6.677109999999999990e-02
5.000000000000000104e-04 -6.672259999999999303e-02
5.100000000000000366e-04 -6.667430000000000578e-02
5.200000000000000629e-04 -6.662619999999999654e-02
5.299999999999999807e-04 -6.657829999999999304e-02
5.400000000000000069e-04 -6.653060000000000918e-02
5.500000000000000331e-04 -6.648309999999998943e-02
5.600000000000000594e-04 -6.643570000000000031e-02
5.699999999999999772e-04 -6.638859999999999206e-02
5.800000000000000034e-04 -6.634160000000000057e-02
5.899999999999999212e-04 -6.629480000000000095e-02
5.999999999999999474e-04 -6.624819999999999320e-02
6.099999999999999737e-04 -6.620170000000000221e-02
6.199999999999999999e-04 -6.615540000000000309e-02
6.300000000000000261e-04 -6.610920000000000685e-02
6.400000000000000524e-04 -6.606319999999998860e-02
6.499999999999999702e-04 -6.601730000000000098e-02
6.599999999999999964e-04 -6.597159999999999136e-02
6.700000000000000226e-04 -6.592599999999999849e-02
6.800000000000000488e-04 -6.588059999999999750e-02
6.899999999999999667e-04 -6.583529999999999938e-02
6.999999999999999929e-04 -6.579009999999999025e-02
7.099999999999999107e-04 -6.574509999999998688e-02
7.199999999999999369e-04 -6.570020000000000027e-02
7.299999999999999632e-04 -6.565550000000000552e-02
7.399999999999999894e-04 -6.561079999999999690e-02
7.500000000000000156e-04 -6.556629999999999403e-02
7.600000000000000418e-04 -6.552190000000000791e-02
7.700000000000000681e-04 -6.547759999999999692e-02
7.799999999999999859e-04 -6.543349999999999167e-02
7.900000000000000121e-04 -6.538940000000000030e-02
8.000000000000000383e-04 -6.534550000000000081e-02
8.100000000000000646e-04 -6.530169999999999031e-02
8.199999999999999824e-04 -6.525799999999999657e-02
8.300000000000000086e-04 -6.521439999999999182e-02
8.399999999999999264e-04 -6.517090000000000383e-02
8.499999999999999526e-04 -6.512749999999999095e-02
8.599999999999999789e-04 -6.508419999999999483e-02
8.700000000000000051e-04 -6.504100000000000159e-02
8.800000000000000313e-04 -6.499800000000000022e-02
8.900000000000000576e-04 -6.495499999999999885e-02
8.999999999999999754e-04 -6.491210000000000035e-02
9.100000000000000016e-04 -6.486929999999999086e-02
9.200000000000000278e-04 -6.482659999999999811e-02
9.300000000000000541e-04 -6.478400000000000825e-02
9.399999999999999719e-04 -6.474150000000000738e-02
9.499999999999999981e-04 -6.469899999999999263e-02
9.599999999999999159e-04 -6.465669999999999751e-02
9.699999999999999421e-04 -6.461440000000000239e-02
9.799999999999999684e-04 -6.457229999999999914e-02
9.899999999999999946e-04 -6.453019999999999590e-02
1.000000000000000021e-03 -6.448820000000000940e-02
1.010000000000000047e-03 -6.444629999999999803e-02
1.020000000000000073e-03 -6.440450000000000341e-02
1.030000000000000100e-03 -6.436270000000000879e-02
1.040000000000000126e-03 -6.432110000000000605e-02
1.050000000000000152e-03 -6.427950000000000330e-02
1.059999999999999961e-03 -6.423800000000000343e-02
1.069999999999999988e-03 -6.419650000000000356e-02
1.080000000000000014e-03 -6.415519999999999556e-02
1.090000000000000040e-03 -6.411390000000000144e-02
1.100000000000000066e-03 -6.407269999999999632e-02
1.110000000000000092e-03 -6.403159999999999408e-02
1.120000000000000119e-03 -6.399049999999999183e-02
1.129999999999999928e-03 -6.394950000000000634e-02
1.139999999999999954e-03 -6.390859999999999597e-02
1.149999999999999981e-03 -6.386780000000000235e-02
1.160000000000000007e-03 -6.382699999999999485e-02
1.170000000000000033e-03 -6.378629999999999023e-02
1.179999999999999842e-03 -6.374559999999999949e-02
1.189999999999999869e-03 -6.370510000000000062e-02
1.199999999999999895e-03 -6.366449999999999887e-02
1.209999999999999921e-03 -6.362410000000000287e-02
1.219999999999999947e-03 -6.358370000000000688e-02
1.229999999999999974e-03 -6.354339999999999988e-02
1.240000000000000000e-03 -6.350319999999999576e-02
1.250000000000000026e-03 -6.346300000000000552e-02
1.260000000000000052e-03 -6.342290000000000427e-02
1.270000000000000078e-03 -6.338280000000000303e-02
1.280000000000000105e-03 -6.334279999999999078e-02
1.290000000000000131e-03 -6.330289999999999528e-02
1.299999999999999940e-03 -6.326299999999999979e-02
1.309999999999999967e-03 -6.322319999999999329e-02
1.319999999999999993e-03 -6.318340000000000067e-02
1.330000000000000019e-03 -6.314369999999999705e-02
1.340000000000000045e-03 -6.310409999999999631e-02
1.350000000000000071e-03 -6.306449999999999556e-02
1.360000000000000098e-03 -6.302499999999999769e-02
1.370000000000000124e-03 -6.298549999999999982e-02
1.379999999999999933e-03 -6.294610000000000483e-02
1.389999999999999960e-03 -6.290669999999999595e-02
1.399999999999999986e-03 -6.286740000000000383e-02
1.410000000000000012e-03 -6.282820000000000071e-02
1.419999999999999821e-03 -6.278899999999999759e-02
1.429999999999999848e-03 -6.274979999999999447e-02
1.439999999999999874e-03 -6.271070000000000810e-02
1.449999999999999900e-03 -6.267169999999999686e-02
1.459999999999999926e-03 -6.263269999999999949e-02
1.469999999999999953e-03 -6.259370000000000211e-02
1.479999999999999979e-03 -6.255479999999999374e-02
1.490000000000000005e-03 -6.251600000000000212e-02
1.500000000000000031e-03 -6.247720000000000357e-02
1.510000000000000057e-03 -6.243850000000000094e-02
1.520000000000000084e-03 -6.239979999999999832e-02
1.530000000000000110e-03 -6.236110000000000264e-02
1.540000000000000136e-03 -6.232249999999999596e-02
1.549999999999999946e-03 -6.228399999999999909e-02
1.559999999999999972e-03 -6.224550000000000222e-02
1.569999999999999998e-03 -6.220699999999999841e-02
1.580000000000000024e-03 -6.216859999999999747e-02
1.590000000000000050e-03 -6.213029999999999942e-02
1.600000000000000077e-03 -6.209200000000000136e-02
1.610000000000000103e-03 -6.205369999999999636e-02
1.620000000000000129e-03 -6.201550000000000118e-02
1.629999999999999939e-03 -6.197729999999999906e-02
1.639999999999999965e-03 -6.193919999999999981e-02
1.649999999999999991e-03 -6.190110000000000057e-02
1.660000000000000017e-03 -6.186310000000000420e-02
1.669999999999999827e-03 -6.182510000000000089e-02
1.679999999999999853e-03 -6.178710000000000452e-02
1.689999999999999879e-03 -6.174920000000000408e-02
1.699999999999999905e-03 -6.171139999999999959e-02
1.709999999999999932e-03 -6.167360000000000203e-02
1.719999999999999958e-03 -6.163580000000000447e-02
1.729999999999999984e-03 -6.159799999999999998e-02
1.740000000000000010e-03 -6.156040000000000123e-02
1.750000000000000036e-03 -6.152269999999999961e-02
1.760000000000000063e-03 -6.148510000000000086e-02
1.770000000000000089e-03 -6.144759999999999805e-02
1.780000000000000115e-03 -6.140999999999999931e-02
1.790000000000000141e-03 -6.137259999999999938e-02
1.799999999999999951e-03 -6.133509999999999657e-02
1.809999999999999977e-03 -6.129779999999999951e-02
1.820000000000000003e-03 -6.126039999999999958e-02
1.830000000000000029e-03 -6.122310000000000252e-02
1.840000000000000056e-03 -6.118579999999999852e-02
1.850000000000000082e-03 -6.114860000000000434e-02
1.860000000000000108e-03 -6.111140000000000322e-02
1.870000000000000134e-03 -6.107429999999999803e-02
1.879999999999999944e-03 -6.103719999999999979e-02
1.889999999999999970e-03 -6.100010000000000154e-02
1.899999999999999996e-03 -6.096309999999999923e-02
1.910000000000000022e-03 -6.092609999999999693e-02
1.919999999999999832e-03 -6.088920000000000443e-02
1.929999999999999858e-03 -6.085229999999999806e-02
1.939999999999999884e-03 -6.081539999999999863e-02
1.949999999999999910e-03 -6.077859999999999513e-02
1.959999999999999937e-03 -6.074179999999999857e-02
1.969999999999999963e-03 -6.070510000000000489e-02
1.979999999999999989e-03 -6.066839999999999733e-02
1.990000000000000015e-03 -6.063170000000000365e-02
2.000000000000000042e-03 -6.059509999999999896e-02
2.009999999999999634e-03 -6.055850000000000122e-02
2.020000000000000094e-03 -6.052199999999999941e-02
2.029999999999999687e-03 -6.048540000000000166e-02
2.040000000000000147e-03 -6.044899999999999579e-02
2.049999999999999739e-03 -6.041250000000000092e-02
2.060000000000000199e-03 -6.037619999999999792e-02
2.069999999999999792e-03 -6.033979999999999899e-02
2.080000000000000251e-03 -6.030350000000000293e-02
2.089999999999999844e-03 -6.026719999999999994e-02
2.100000000000000304e-03 -6.023099999999999982e-02
2.109999999999999896e-03 -6.019479999999999970e-02
2.119999999999999923e-03 -6.015859999999999957e-02
2.129999999999999949e-03 -6.012250000000000233e-02
2.139999999999999975e-03 -6.008639999999999814e-02
2.150000000000000001e-03 -6.005040000000000378e-02
2.160000000000000028e-03 -6.001429999999999959e-02
2.170000000000000054e-03 -5.997840000000000116e-02
2.180000000000000080e-03 -5.994239999999999985e-02
2.190000000000000106e-03 -5.990650000000000142e-02
2.200000000000000133e-03 -5.987069999999999892e-02
2.210000000000000159e-03 -5.983489999999999642e-02
2.220000000000000185e-03 -5.979910000000000087e-02
2.229999999999999778e-03 -5.976329999999999837e-02
2.240000000000000237e-03 -5.972760000000000569e-02
2.249999999999999830e-03 -5.969189999999999913e-02
2.259999999999999856e-03 -5.965630000000000238e-02
2.269999999999999882e-03 -5.962069999999999870e-02
2.279999999999999909e-03 -5.958519999999999789e-02
2.289999999999999935e-03 -5.954960000000000114e-02
2.299999999999999961e-03 -5.951410000000000033e-02
2.309999999999999987e-03 -5.947870000000000240e-02
2.320000000000000014e-03 -5.944329999999999753e-02
2.330000000000000040e-03 -5.940789999999999960e-02
2.340000000000000066e-03 -5.937259999999999760e-02
2.350000000000000092e-03 -5.933729999999999560e-02
2.359999999999999685e-03 -5.930200000000000055e-02
2.370000000000000145e-03 -5.926680000000000142e-02
2.379999999999999737e-03 -5.923160000000000230e-02
2.390000000000000197e-03 -5.919639999999999624e-02
2.399999999999999790e-03 -5.916130000000000000e-02
2.410000000000000250e-03 -5.912619999999999681e-02
2.419999999999999842e-03 -5.909120000000000344e-02
2.430000000000000302e-03 -5.905619999999999620e-02
2.439999999999999895e-03 -5.902120000000000283e-02
2.450000000000000355e-03 -5.898629999999999846e-02
2.459999999999999947e-03 -5.895140000000000102e-02
2.470000000000000407e-03 -5.891649999999999665e-02
2.480000000000000000e-03 -5.888170000000000209e-02
2.490000000000000026e-03 -5.884690000000000060e-02
2.500000000000000052e-03 -5.881219999999999504e-02
2.509999999999999645e-03 -5.877740000000000048e-02
2.520000000000000104e-03 -5.874280000000000473e-02
2.529999999999999697e-03 -5.870809999999999917e-02
2.540000000000000157e-03 -5.867349999999999649e-02
2.549999999999999750e-03 -5.863890000000000075e-02
2.560000000000000209e-03 -5.860440000000000094e-02
2.569999999999999802e-03 -5.856989999999999419e-02
2.580000000000000262e-03 -5.853540000000000132e-02
2.589999999999999854e-03 -5.850099999999999745e-02
2.599999999999999881e-03 -5.846660000000000051e-02
2.609999999999999907e-03 -5.843229999999999952e-02
2.619999999999999933e-03 -5.839800000000000546e-02
2.629999999999999959e-03 -5.836370000000000446e-02
2.639999999999999986e-03 -5.832939999999999653e-02
2.650000000000000012e-03 -5.829519999999999841e-02
2.660000000000000038e-03 -5.826109999999999622e-02
2.670000000000000064e-03 -5.822689999999999810e-02
2.680000000000000090e-03 -5.819279999999999592e-02
2.690000000000000117e-03 -5.815870000000000067e-02
2.700000000000000143e-03 -5.812469999999999443e-02
2.710000000000000169e-03 -5.809069999999999512e-02
2.720000000000000195e-03 -5.805680000000000562e-02
2.729999999999999788e-03 -5.802279999999999938e-02
2.740000000000000248e-03 -5.798890000000000294e-02
2.749999999999999840e-03 -5.795510000000000245e-02
2.759999999999999867e-03 -5.792130000000000195e-02
2.769999999999999893e-03 -5.788750000000000145e-02
2.779999999999999919e-03 -5.785370000000000096e-02
2.789999999999999945e-03 -5.782000000000000334e-02
2.799999999999999972e-03 -5.778629999999999878e-02
2.809999999999999998e-03 -5.775269999999999709e-02
2.820000000000000024e-03 -5.771909999999999541e-02
2.830000000000000050e-03 -5.768550000000000066e-02
2.839999999999999643e-03 -5.765189999999999898e-02
2.850000000000000103e-03 -5.761840000000000017e-02
2.859999999999999695e-03 -5.758489999999999442e-02
2.870000000000000155e-03 -5.755149999999999849e-02
2.879999999999999748e-03 -5.751809999999999562e-02
2.890000000000000208e-03 -5.748469999999999969e-02
2.899999999999999800e-03 -5.745139999999999969e-02
2.910000000000000260e-03 -5.741809999999999969e-02
2.919999999999999853e-03 -5.738479999999999970e-02
2.930000000000000313e-03 -5.735149999999999970e-02
2.939999999999999905e-03 -5.731830000000000258e-02
2.950000000000000365e-03 -5.728509999999999852e-02
2.959999999999999958e-03 -5.725200000000000428e-02
2.969999999999999984e-03 -5.721889999999999615e-02
2.980000000000000010e-03 -5.718580000000000191e-02
2.990000000000000036e-03 -5.715270000000000072e-02
3.000000000000000062e-03 -5.711970000000000242e-02
3.009999999999999655e-03 -5.708669999999999717e-02
3.020000000000000115e-03 -5.705369999999999886e-02
3.029999999999999707e-03 -5.702080000000000343e-02
3.040000000000000167e-03 -5.698790000000000106e-02
3.049999999999999760e-03 -5.695499999999999868e-02
3.060000000000000220e-03 -5.692219999999999919e-02
3.069999999999999812e-03 -5.688939999999999969e-02
3.080000000000000272e-03 -5.685660000000000019e-02
3.089999999999999865e-03 -5.682380000000000070e-02
3.099999999999999891e-03 -5.679109999999999714e-02
3.109999999999999917e-03 -5.675829999999999764e-02
3.119999999999999944e-03 -5.672570000000000390e-02
3.129999999999999970e-03 -5.669300000000000034e-02
3.139999999999999996e-03 -5.666039999999999965e-02
3.150000000000000022e-03 -5.662779999999999897e-02
3.160000000000000048e-03 -5.659519999999999829e-02
3.170000000000000075e-03 -5.656260000000000454e-02
3.180000000000000101e-03 -5.653009999999999979e-02
3.190000000000000127e-03 -5.649759999999999505e-02
3.200000000000000153e-03 -5.646509999999999724e-02
3.210000000000000180e-03 -5.643259999999999943e-02
3.220000000000000206e-03 -5.640010000000000162e-02
3.229999999999999798e-03 -5.636769999999999975e-02
3.240000000000000258e-03 -5.633529999999999788e-02
3.249999999999999851e-03 -5.630290000000000294e-02
3.259999999999999877e-03 -5.627050000000000107e-02
3.269999999999999903e-03 -5.623820000000000208e-02
3.279999999999999930e-03 -5.620580000000000020e-02
3.289999999999999956e-03 -5.617349999999999427e-02
3.299999999999999982e-03 -5.614119999999999527e-02
3.310000000000000008e-03 -5.610889999999999628e-02
3.320000000000000034e-03 -5.607659999999999728e-02
3.330000000000000061e-03 -5.604429999999999829e-02
3.339999999999999653e-03 -5.601199999999999929e-02
3.350000000000000113e-03 -5.597970000000000029e-02
3.359999999999999706e-03 -5.594749999999999723e-02
3.370000000000000166e-03 -5.591519999999999824e-02
3.379999999999999758e-03 -5.588300000000000212e-02
3.390000000000000218e-03 -5.585070000000000312e-02
3.399999999999999811e-03 -5.581850000000000006e-02
3.410000000000000270e-03 -5.578620000000000106e-02
3.419999999999999863e-03 -5.575390000000000207e-02
3.430000000000000323e-03 -5.572169999999999901e-02
3.439999999999999915e-03 -5.568940000000000001e-02
3.450000000000000375e-03 -5.565720000000000389e-02
3.459999999999999968e-03 -5.562489999999999796e-02
3.469999999999999994e-03 -5.559259999999999896e-02
3.480000000000000020e-03 -5.556029999999999996e-02
3.490000000000000047e-03 -5.552790000000000503e-02
3.500000000000000073e-03 -5.549560000000000604e-02
3.509999999999999665e-03 -5.546319999999999723e-02
3.520000000000000125e-03 -5.543079999999999535e-02
3.529999999999999718e-03 -5.539840000000000042e-02
3.540000000000000178e-03 -5.536599999999999855e-02
3.549999999999999770e-03 -5.533350000000000074e-02
3.560000000000000230e-03 -5.530100000000000293e-02
3.569999999999999823e-03 -5.526840000000000225e-02
3.580000000000000283e-03 -5.523579999999999463e-02
3.589999999999999875e-03 -5.520309999999999800e-02
3.599999999999999901e-03 -5.517040000000000138e-02
3.609999999999999928e-03 -5.513770000000000476e-02
3.619999999999999954e-03 -5.510479999999999545e-02
3.629999999999999980e-03 -5.507200000000000290e-02
3.640000000000000006e-03 -5.503900000000000459e-02
3.650000000000000033e-03 -5.500599999999999934e-02
3.660000000000000059e-03 -5.497280000000000222e-02
3.670000000000000085e-03 -5.493959999999999816e-02
3.680000000000000111e-03 -5.490630000000000510e-02
3.690000000000000138e-03 -5.487290000000000223e-02
3.700000000000000164e-03 -5.483939999999999648e-02
3.709999999999999756e-03 -5.480579999999999480e-02
3.720000000000000216e-03 -5.477200000000000124e-02
3.729999999999999809e-03 -5.473810000000000481e-02
3.740000000000000269e-03 -5.470409999999999856e-02
3.749999999999999861e-03 -5.466990000000000044e-02
3.759999999999999887e-03 -5.463550000000000351e-02
3.769999999999999914e-03 -5.460099999999999676e-02
3.779999999999999940e-03 -5.456629999999999814e-02
3.789999999999999966e-03 -5.453130000000000477e-02
3.799999999999999992e-03 -5.449620000000000158e-02
3.810000000000000019e-03 -5.446079999999999671e-02
3.820000000000000045e-03 -5.442519999999999997e-02
3.830000000000000071e-03 -5.438920000000000560e-02
3.839999999999999664e-03 -5.435299999999999854e-02
3.850000000000000124e-03 -5.431649999999999673e-02
3.859999999999999716e-03 -5.427960000000000423e-02
3.870000000000000176e-03 -5.424240000000000311e-02
3.879999999999999769e-03 -5.420479999999999743e-02
3.890000000000000228e-03 -5.416669999999999818e-02
3.899999999999999821e-03 -5.412820000000000131e-02
3.910000000000000281e-03 -5.408910000000000107e-02
3.919999999999999873e-03 -5.404950000000000032e-02
3.930000000000000333e-03 -5.400930000000000314e-02
3.939999999999999926e-03 -5.396839999999999971e-02
3.950000000000000386e-03 -5.392669999999999408e-02
3.959999999999999978e-03 -5.388430000000000303e-02
3.970000000000000438e-03 -5.384089999999999709e-02
3.980000000000000031e-03 -5.379659999999999997e-02
3.990000000000000491e-03 -5.375119999999999898e-02
4.000000000000000083e-03 -5.370450000000000224e-02
4.009999999999999676e-03 -5.365639999999999993e-02
4.019999999999999268e-03 -5.360669999999999324e-02
4.030000000000000596e-03 -5.355519999999999725e-02
4.040000000000000188e-03 -5.350160000000000332e-02
4.049999999999999781e-03 -5.344559999999999589e-02
4.059999999999999373e-03 -5.338679999999999815e-02
4.070000000000000701e-03 -5.332470000000000265e-02
4.080000000000000293e-03 -5.325860000000000316e-02
4.089999999999999886e-03 -5.318780000000000036e-02
4.099999999999999478e-03 -5.311119999999999730e-02
4.109999999999999938e-03 -5.302750000000000519e-02
4.120000000000000398e-03 -5.293490000000000001e-02
4.129999999999999991e-03 -5.283129999999999771e-02
4.139999999999999583e-03 -5.271409999999999985e-02
4.150000000000000043e-03 -5.258020000000000055e-02
4.160000000000000503e-03 -5.242619999999999919e-02
4.170000000000000095e-03 -5.224809999999999871e-02
4.179999999999999688e-03 -5.204030000000000461e-02
4.190000000000000148e-03 -5.179480000000000195e-02
4.200000000000000608e-03 -5.150050000000000461e-02
4.210000000000000200e-03 -5.114370000000000027e-02
4.219999999999999793e-03 -5.071230000000000182e-02
4.230000000000000253e-03 -5.019839999999999719e-02
4.239999999999999845e-03 -4.960070000000000451e-02
4.250000000000000305e-03 -4.892420000000000102e-02
4.259999999999999898e-03 -4.817849999999999910e-02
4.269999999999999490e-03 -4.737510000000000332e-02
4.279999999999999950e-03 -4.652459999999999929e-02
4.290000000000000410e-03 -4.563499999999999501e-02
4.300000000000000003e-03 -4.471170000000000005e-02
4.309999999999999595e-03 -4.375729999999999897e-02
4.320000000000000055e-03 -4.277279999999999971e-02
4.329999999999999648e-03 -4.175809999999999939e-02
4.340000000000000108e-03 -4.071240000000000275e-02
4.349999999999999700e-03 -3.963450000000000306e-02
4.360000000000000160e-03 -3.852239999999999831e-02
4.369999999999999753e-03 -3.737339999999999413e-02
4.380000000000000213e-03 -3.618400000000000089e-02
4.389999999999999805e-03 -3.494989999999999902e-02
4.400000000000000265e-03 -3.366680000000000367e-02
4.409999999999999858e-03 -3.233090000000000269e-02
4.420000000000000318e-03 -3.093910000000000063e-02
4.429999999999999910e-03 -2.949049999999999935e-02
4.440000000000000370e-03 -2.798650000000000096e-02
4.449999999999999963e-03 -2.643130000000000132e-02
4.459999999999999555e-03 -2.483089999999999950e-02
4.470000000000000015e-03 -2.316019999999999884e-02
4.480000000000000475e-03 -2.138309999999999864e-02
4.490000000000000067e-03 -1.945949999999999763e-02
4.499999999999999660e-03 -1.734259999999999968e-02
4.510000000000000120e-03 -1.497840000000000109e-02
4.519999999999999712e-03 -1.230949999999999926e-02
4.530000000000000172e-03 -9.284530000000000907e-03
4.539999999999999765e-03 -5.878500000000000045e-03
4.550000000000000225e-03 -2.122750000000000071e-03
4.559999999999999817e-03 1.869729999999999786e-03
4.570000000000000277e-03 5.908300000000000010e-03
4.579999999999999870e-03 9.772629999999999165e-03
4.589999999999999462e-03 1.327640000000000070e-02
4.599999999999999922e-03 1.630389999999999964e-02
4.610000000000000382e-03 1.880870000000000111e-02
4.619999999999999975e-03 2.079189999999999858e-02
4.629999999999999567e-03 2.227969999999999950e-02
4.640000000000000027e-03 2.330760000000000123e-02
4.650000000000000487e-03 2.391090000000000229e-02
4.660000000000000080e-03 2.412109999999999949e-02
4.669999999999999672e-03 2.396480000000000138e-02
4.680000000000000132e-03 2.346559999999999965e-02
4.690000000000000592e-03 2.264590000000000006e-02
4.700000000000000185e-03 2.152860000000000190e-02
4.709999999999999777e-03 2.013990000000000224e-02
4.719999999999999370e-03 1.850929999999999936e-02
4.730000000000000697e-03 1.667030000000000248e-02
4.740000000000000289e-03 1.465960000000000006e-02
4.749999999999999882e-03 1.251530000000000004e-02
4.759999999999999475e-03 1.027490000000000001e-02
4.769999999999999934e-03 7.973430000000000101e-03
4.780000000000000394e-03 5.641300000000000134e-03
4.789999999999999987e-03 3.303620000000000168e-03
4.799999999999999580e-03 9.797499999999999352e-04
4.810000000000000039e-03 -1.316499999999999962e-03
4.820000000000000499e-03 -3.576159999999999669e-03
4.830000000000000092e-03 -5.794239999999999981e-03
4.839999999999999684e-03 -7.968869999999999426e-03
4.849999999999999277e-03 -1.010040000000000070e-02
4.860000000000000604e-03 -1.219109999999999985e-02
4.870000000000000197e-03 -1.424939999999999887e-02
4.879999999999999789e-03 -1.628109999999999974e-02
4.889999999999999382e-03 -1.828969999999999901e-02
4.900000000000000709e-03 -2.027680000000000107e-02
4.910000000000000302e-03 -2.224149999999999738e-02
4.919999999999999894e-03 -2.418129999999999932e-02
4.929999999999999487e-03 -2.608660000000000145e-02
4.940000000000000814e-03 -2.794229999999999978e-02
4.950000000000000407e-03 -2.975809999999999914e-02
4.959999999999999999e-03 -3.155190000000000078e-02
4.969999999999999592e-03 -3.333880000000000177e-02
4.980000000000000052e-03 -3.513070000000000082e-02
4.990000000000000512e-03 -3.693460000000000493e-02
5.000000000000000104e-03 -3.875110000000000360e-02
5.009999999999999697e-03 -4.057360000000000133e-02
5.019999999999999289e-03 -4.238759999999999750e-02
5.030000000000000616e-03 -4.417290000000000105e-02
5.040000000000000209e-03 -4.590529999999999611e-02
5.049999999999999802e-03 -4.756060000000000149e-02
5.059999999999999394e-03 -4.911809999999999787e-02
5.069999999999999854e-03 -5.056329999999999852e-02
5.080000000000000314e-03 -5.188870000000000288e-02
5.089999999999999906e-03 -5.309340000000000587e-02
5.099999999999999499e-03 -5.418150000000000049e-02
5.109999999999999959e-03 -5.516060000000000407e-02
5.120000000000000419e-03 -5.603999999999999954e-02
5.130000000000000011e-03 -5.682970000000000382e-02
5.139999999999999604e-03 -5.753909999999999580e-02
5.150000000000000064e-03 -5.817730000000000123e-02
5.160000000000000524e-03 -5.875230000000000036e-02
5.170000000000000116e-03 -5.927120000000000305e-02
5.179999999999999709e-03 -5.974009999999999737e-02
5.190000000000000169e-03 -6.016439999999999982e-02
5.199999999999999761e-03 -6.054879999999999984e-02
5.210000000000000221e-03 -6.089730000000000143e-02
5.219999999999999814e-03 -6.121370000000000283e-02
5.230000000000000274e-03 -6.150110000000000299e-02
5.239999999999999866e-03 -6.176230000000000608e-02
5.250000000000000326e-03 -6.199999999999999956e-02
5.259999999999999919e-03 -6.221639999999999809e-02
5.269999999999999511e-03 -6.241359999999999963e-02
5.279999999999999971e-03 -6.259349999999999636e-02
5.290000000000000431e-03 -6.275769999999999960e-02
5.300000000000000024e-03 -6.290760000000000796e-02
5.309999999999999616e-03 -6.304469999999999519e-02
5.320000000000000076e-03 -6.317019999999999580e-02
5.329999999999999669e-03 -6.328519999999999979e-02
5.340000000000000129e-03 -6.339050000000000240e-02
5.349999999999999721e-03 -6.348710000000000464e-02
5.360000000000000181e-03 -6.357580000000000175e-02
5.369999999999999774e-03 -6.365719999999999712e-02
5.380000000000000233e-03 -6.373199999999999699e-02
5.389999999999999826e-03 -6.380070000000000185e-02
5.400000000000000286e-03 -6.386379999999999835e-02
5.409999999999999878e-03 -6.392180000000000084e-02
5.420000000000000338e-03 -6.397509999999999308e-02
5.429999999999999931e-03 -6.402399999999999758e-02
5.440000000000000391e-03 -6.406889999999999807e-02
5.449999999999999983e-03 -6.411010000000000320e-02
5.459999999999999576e-03 -6.414780000000000482e-02
5.470000000000000036e-03 -6.418229999999999769e-02
5.480000000000000496e-03 -6.421389999999999043e-02
5.490000000000000088e-03 -6.424259999999999693e-02
5.499999999999999681e-03 -6.426880000000000093e-02
5.510000000000000141e-03 -6.429259999999999142e-02
5.519999999999999733e-03 -6.431409999999999905e-02
5.530000000000000193e-03 -6.433360000000000467e-02
5.539999999999999786e-03 -6.435100000000000542e-02
5.550000000000000246e-03 -6.436660000000000992e-02
5.559999999999999838e-03 -6.438049999999999329e-02
5.570000000000000298e-03 -6.439270000000001104e-02
5.579999999999999891e-03 -6.440319999999999379e-02
5.589999999999999483e-03 -6.441200000000001091e-02
5.599999999999999943e-03 -6.441950000000000454e-02
5.610000000000000403e-03 -6.442570000000000241e-02
5.619999999999999996e-03 -6.443060000000000453e-02
5.629999999999999588e-03 -6.443440000000000278e-02
5.640000000000000048e-03 -6.443729999999998903e-02
5.650000000000000508e-03 -6.443920000000000203e-02
5.660000000000000100e-03 -6.444020000000000303e-02
5.669999999999999693e-03 -6.444039999999999491e-02
5.679999999999999286e-03 -6.443989999999999441e-02
5.690000000000000613e-03 -6.443880000000000441e-02
5.700000000000000205e-03 -6.443709999999999716e-02
5.709999999999999798e-03 -6.443480000000000041e-02
5.719999999999999390e-03 -6.443210000000000603e-02
5.730000000000000718e-03 -6.442889999999999728e-02
5.740000000000000310e-03 -6.442539999999999378e-02
5.749999999999999903e-03 -6.442159999999999553e-02
5.759999999999999495e-03 -6.441750000000000254e-02
5.769999999999999955e-03 -6.441320000000000379e-02
5.780000000000000415e-03 -6.440869999999999929e-02
5.790000000000000008e-03 -6.440410000000000579e-02
5.799999999999999600e-03 -6.439929999999999266e-02
5.809999999999999193e-03 -6.439459999999999629e-02
5.820000000000000520e-03 -6.438979999999999704e-02
5.830000000000000113e-03 -6.438500000000001167e-02
5.839999999999999705e-03 -6.438030000000000141e-02
5.849999999999999298e-03 -6.437560000000000504e-02
5.860000000000000625e-03 -6.437110000000000054e-02
5.870000000000000218e-03 -6.436669999999999892e-02
5.879999999999999810e-03 -6.436240000000000017e-02
5.889999999999999403e-03 -6.435829999999999329e-02
5.900000000000000730e-03 -6.435439999999999217e-02
5.910000000000000323e-03 -6.435069999999999679e-02
5.919999999999999915e-03 -6.434720000000000717e-02
5.929999999999999508e-03 -6.434399999999999842e-02
5.939999999999999968e-03 -6.434109999999999829e-02
5.950000000000000427e-03 -6.433839999999999004e-02
5.960000000000000020e-03 -6.433600000000000430e-02
5.969999999999999613e-03 -6.433379999999999654e-02
5.980000000000000072e-03 -6.433200000000000029e-02
5.990000000000000532e-03 -6.433049999999999879e-02
6.000000000000000125e-03 -6.432930000000000592e-02
6.009999999999999717e-03 -6.432830000000000492e-02
6.019999999999999310e-03 -6.432769999999998767e-02
6.030000000000000637e-03 -6.432739999999999292e-02
6.040000000000000230e-03 -6.432729999999999004e-02
6.049999999999999822e-03 -6.432749999999999579e-02
6.059999999999999415e-03 -6.432810000000001305e-02
6.069999999999999875e-03 -6.432880000000000542e-02
6.080000000000000335e-03 -6.432989999999999542e-02
6.089999999999999927e-03 -6.433119999999999117e-02
6.099999999999999520e-03 -6.433270000000000655e-02
6.109999999999999980e-03 -6.433450000000000280e-02
6.120000000000000440e-03 -6.433650000000000480e-02
6.130000000000000032e-03 -6.433869999999999867e-02
6.139999999999999625e-03 -6.434099999999999542e-02
6.150000000000000085e-03 -6.434360000000000079e-02
6.160000000000000545e-03 -6.434629999999999517e-02
6.170000000000000137e-03 -6.434919999999999529e-02
6.179999999999999730e-03 -6.435219999999999829e-02
6.190000000000000190e-03 -6.435540000000000704e-02
6.199999999999999782e-03 -6.435860000000000192e-02
6.210000000000000242e-03 -6.436189999999999967e-02
6.219999999999999835e-03 -6.436539999999998929e-02
6.230000000000000294e-03 -6.436879999999998991e-02
6.239999999999999887e-03 -6.437239999999999629e-02
6.250000000000000347e-03 -6.437589999999999979e-02
6.259999999999999939e-03 -6.437949999999999229e-02
6.269999999999999532e-03 -6.438309999999999866e-02
6.279999999999999992e-03 -6.438670000000000504e-02
6.290000000000000452e-03 -6.439019999999999466e-02
6.300000000000000044e-03 -6.439380000000000104e-02
6.309999999999999637e-03 -6.439720000000000166e-02
6.320000000000000097e-03 -6.440070000000000516e-02
6.329999999999999689e-03 -6.440400000000000291e-02
6.340000000000000149e-03 -6.440719999999999779e-02
6.349999999999999742e-03 -6.441039999999999266e-02
6.360000000000000202e-03 -6.441349999999999854e-02
6.369999999999999794e-03 -6.441639999999999866e-02
6.380000000000000254e-03 -6.441920000000000979e-02
6.389999999999999847e-03 -6.442189999999999028e-02
6.400000000000000307e-03 -6.442449999999999566e-02
6.409999999999999899e-03 -6.442690000000000916e-02
6.420000000000000359e-03 -6.442910000000000303e-02
6.429999999999999952e-03 -6.443120000000000791e-02
6.440000000000000412e-03 -6.443319999999999603e-02
6.450000000000000004e-03 -6.443490000000000328e-02
6.459999999999999597e-03 -6.443649999999999378e-02
6.470000000000000057e-03 -6.443789999999999241e-02
6.480000000000000517e-03 -6.443909999999999916e-02
6.490000000000000109e-03 -6.444020000000000303e-02
6.499999999999999702e-03 -6.444099999999999828e-02
6.510000000000000162e-03 -6.444169999999999066e-02
6.519999999999999754e-03 -6.444220000000000503e-02
6.530000000000000214e-03 -6.444249999999999978e-02
6.539999999999999807e-03 -6.444260000000000266e-02
6.549999999999999399e-03 -6.444249999999999978e-02
6.559999999999999859e-03 -6.444220000000000503e-02
6.570000000000000319e-03 -6.444169999999999066e-02
6.579999999999999911e-03 -6.444110000000000116e-02
6.589999999999999504e-03 -6.444020000000000303e-02
6.599999999999999964e-03 -6.443920000000000203e-02
6.610000000000000424e-03 -6.443800000000000916e-02
6.620000000000000016e-03 -6.443659999999999666e-02
6.629999999999999609e-03 -6.443500000000000616e-02
6.640000000000000069e-03 -6.443319999999999603e-02
6.650000000000000529e-03 -6.443129999999999691e-02
6.660000000000000121e-03 -6.442919999999999203e-02
6.669999999999999714e-03 -6.442690000000000916e-02
6.679999999999999306e-03 -6.442449999999999566e-02
6.690000000000000634e-03 -6.442189999999999028e-02
6.700000000000000226e-03 -6.441920000000000979e-02
6.709999999999999819e-03 -6.441630000000000966e-02
6.719999999999999411e-03 -6.441320000000000379e-02
6.730000000000000739e-03 -6.440999999999999504e-02
6.740000000000000331e-03 -6.440659999999999441e-02
6.749999999999999924e-03 -6.440319999999999379e-02
6.759999999999999516e-03 -6.439949999999999841e-02
6.769999999999999976e-03 -6.439579999999998916e-02
6.780000000000000436e-03 -6.439190000000000191e-02
6.790000000000000029e-03 -6.438789999999999791e-02
6.799999999999999621e-03 -6.438379999999999104e-02
6.809999999999999214e-03 -6.437949999999999229e-02
6.820000000000000541e-03 -6.437520000000000742e-02
6.830000000000000134e-03 -6.437070000000000292e-02
6.839999999999999726e-03 -6.436620000000001229e-02
6.849999999999999319e-03 -6.436150000000000204e-02
6.860000000000000646e-03 -6.435680000000000567e-02
6.870000000000000238e-03 -6.435190000000000354e-02
6.879999999999999831e-03 -6.434699999999998754e-02
6.889999999999999424e-03 -6.434199999999999642e-02
6.900000000000000751e-03 -6.433690000000000242e-02
6.910000000000000343e-03 -6.433169999999999167e-02
6.919999999999999936e-03 -6.432649999999999479e-02
6.929999999999999528e-03 -6.432120000000000892e-02
6.939999999999999988e-03 -6.431589999999999530e-02
6.950000000000000448e-03 -6.431040000000000367e-02
6.960000000000000041e-03 -6.430500000000000105e-02
6.969999999999999633e-03 -6.429940000000000655e-02
6.980000000000000093e-03 -6.429389999999998717e-02
6.990000000000000553e-03 -6.428820000000000368e-02
7.000000000000000146e-03 -6.428259999999999530e-02
7.009999999999999738e-03 -6.427689999999999793e-02
7.019999999999999331e-03 -6.427109999999999768e-02
7.030000000000000658e-03 -6.426540000000000030e-02
7.040000000000000251e-03 -6.425960000000000005e-02
7.049999999999999843e-03 -6.425369999999999693e-02
7.059999999999999436e-03 -6.424789999999999668e-02
7.069999999999999896e-03 -6.424200000000000743e-02
7.080000000000000356e-03 -6.423609999999999043e-02
7.089999999999999948e-03 -6.423020000000000118e-02
7.099999999999999541e-03 -6.422429999999999806e-02
7.110000000000000001e-03 -6.421840000000000881e-02
7.120000000000000460e-03 -6.421250000000000568e-02
7.130000000000000053e-03 -6.420649999999999968e-02
7.139999999999999646e-03 -6.420059999999999656e-02
7.150000000000000105e-03 -6.419469999999999343e-02
7.160000000000000565e-03 -6.418870000000000131e-02
7.170000000000000158e-03 -6.418279999999999819e-02
7.179999999999999750e-03 -6.417690000000000894e-02
7.190000000000000210e-03 -6.417090000000000294e-02
7.199999999999999803e-03 -6.416499999999999981e-02
7.210000000000000263e-03 -6.415909999999999669e-02
7.219999999999999855e-03 -6.415319999999999356e-02
7.230000000000000315e-03 -6.414740000000000719e-02
7.239999999999999908e-03 -6.414149999999999019e-02
7.250000000000000368e-03 -6.413570000000000382e-02
7.259999999999999960e-03 -6.412990000000000357e-02
7.269999999999999553e-03 -6.412410000000000332e-02
7.280000000000000013e-03 -6.411830000000000307e-02
7.289999999999999605e-03 -6.411250000000000282e-02
7.300000000000000065e-03 -6.410680000000000545e-02
7.309999999999999658e-03 -6.410110000000000807e-02
7.320000000000000118e-03 -6.409549999999999970e-02
7.329999999999999710e-03 -6.408980000000000232e-02
7.340000000000000170e-03 -6.408419999999999395e-02
7.349999999999999763e-03 -6.407859999999999945e-02
7.360000000000000223e-03 -6.407309999999999395e-02
7.369999999999999815e-03 -6.406760000000000232e-02
7.380000000000000275e-03 -6.406209999999999682e-02
7.389999999999999868e-03 -6.405660000000000520e-02
7.400000000000000328e-03 -6.405119999999998870e-02
7.409999999999999920e-03 -6.404579999999999995e-02
7.419999999999999513e-03 -6.404050000000000020e-02
7.429999999999999973e-03 -6.403520000000000045e-02
7.440000000000000432e-03 -6.402990000000000070e-02
7.450000000000000025e-03 -6.402469999999998995e-02
7.459999999999999618e-03 -6.401949999999999308e-02
7.470000000000000077e-03 -6.401430000000001008e-02
7.480000000000000537e-03 -6.400920000000000221e-02
7.490000000000000130e-03 -6.400409999999999433e-02
7.499999999999999722e-03 -6.399910000000000321e-02
7.510000000000000182e-03 -6.399409999999999821e-02
7.519999999999999775e-03 -6.398910000000000708e-02
7.530000000000000235e-03 -6.398420000000000496e-02
7.539999999999999827e-03 -6.397930000000000283e-02
7.549999999999999420e-03 -6.397450000000000359e-02
7.559999999999999880e-03 -6.396970000000000434e-02
7.570000000000000340e-03 -6.396490000000000509e-02
7.579999999999999932e-03 -6.396019999999999484e-02
7.589999999999999525e-03 -6.395560000000000134e-02
7.599999999999999985e-03 -6.395089999999999109e-02
7.610000000000000445e-03 -6.394629999999999759e-02
7.620000000000000037e-03 -6.394180000000000696e-02
7.629999999999999630e-03 -6.393730000000000246e-02
7.640000000000000090e-03 -6.393279999999999796e-02
7.650000000000000550e-03 -6.392840000000001022e-02
7.660000000000000142e-03 -6.392409999999999759e-02
7.669999999999999735e-03 -6.391969999999999597e-02
7.679999999999999327e-03 -6.391539999999999722e-02
7.690000000000000654e-03 -6.391120000000000134e-02
7.700000000000000247e-03 -6.390699999999999159e-02
7.709999999999999840e-03 -6.390279999999999572e-02
7.719999999999999432e-03 -6.389870000000000272e-02
7.730000000000000759e-03 -6.389459999999999584e-02
7.740000000000000352e-03 -6.389050000000000284e-02
7.749999999999999944e-03 -6.388649999999999884e-02
7.759999999999999537e-03 -6.388259999999999772e-02
7.769999999999999997e-03 -6.387869999999999659e-02
7.780000000000000457e-03 -6.387479999999999547e-02
7.790000000000000049e-03 -6.387089999999999435e-02
7.799999999999999642e-03 -6.386709999999999610e-02
7.809999999999999235e-03 -6.386340000000000072e-02
7.820000000000000562e-03 -6.385960000000000247e-02
7.830000000000000154e-03 -6.385599999999999610e-02
7.839999999999999747e-03 -6.385230000000000072e-02
7.849999999999999339e-03 -6.384869999999999435e-02
7.860000000000000667e-03 -6.384510000000000185e-02
7.870000000000000259e-03 -6.384159999999999835e-02
7.879999999999999852e-03 -6.383809999999999485e-02
7.889999999999999444e-03 -6.383469999999999422e-02
7.900000000000000772e-03 -6.383120000000000460e-02
7.910000000000000364e-03 -6.382780000000000398e-02
7.919999999999999957e-03 -6.382450000000000623e-02
7.929999999999999549e-03 -6.382119999999999460e-02
7.940000000000000877e-03 -6.381789999999999685e-02
7.950000000000000469e-03 -6.381470000000000198e-02
7.960000000000000062e-03 -6.381150000000000710e-02
7.969999999999999654e-03 -6.380829999999999835e-02
7.980000000000000981e-03 -6.380519999999999248e-02
7.990000000000000574e-03 -6.380199999999999760e-02
8.000000000000000167e-03 -6.379899999999999460e-02
8.009999999999999759e-03 -6.379590000000000261e-02
8.019999999999999352e-03 -6.379289999999999961e-02
8.029999999999998944e-03 -6.378999999999999948e-02
8.039999999999998537e-03 -6.378699999999999648e-02
8.049999999999999864e-03 -6.378409999999999636e-02
8.060000000000001191e-03 -6.378119999999999623e-02
8.070000000000000784e-03 -6.377839999999999898e-02
8.080000000000000376e-03 -6.377560000000000173e-02
8.089999999999999969e-03 -6.377279999999999061e-02
8.099999999999999561e-03 -6.377000000000000723e-02
8.109999999999999154e-03 -6.376729999999999898e-02
8.119999999999998747e-03 -6.376460000000000461e-02
8.130000000000000074e-03 -6.376199999999999923e-02
8.140000000000001401e-03 -6.375930000000000486e-02
8.150000000000000994e-03 -6.375669999999999948e-02
8.160000000000000586e-03 -6.375410000000000799e-02
8.170000000000000179e-03 -6.375160000000000549e-02
8.179999999999999771e-03 -6.374910000000000299e-02
8.189999999999999364e-03 -6.374660000000000049e-02
8.199999999999998956e-03 -6.374409999999999799e-02
8.210000000000000284e-03 -6.374169999999999836e-02
8.219999999999999876e-03 -6.373919999999999586e-02
8.230000000000001203e-03 -6.373689999999999911e-02
8.240000000000000796e-03 -6.373449999999999949e-02
8.250000000000000389e-03 -6.373209999999999986e-02
8.259999999999999981e-03 -6.372980000000000311e-02
8.269999999999999574e-03 -6.372749999999999249e-02
8.279999999999999166e-03 -6.372529999999999861e-02
8.289999999999998759e-03 -6.372300000000000186e-02
8.300000000000000086e-03 -6.372079999999999411e-02
8.309999999999999679e-03 -6.371860000000000024e-02
8.320000000000001006e-03 -6.371640000000000637e-02
8.330000000000000598e-03 -6.371430000000000149e-02
8.340000000000000191e-03 -6.371219999999999661e-02
8.349999999999999784e-03 -6.371009999999999174e-02
8.359999999999999376e-03 -6.370800000000000074e-02
8.369999999999998969e-03 -6.370589999999999586e-02
8.380000000000000296e-03 -6.370389999999999386e-02
8.389999999999999888e-03 -6.370190000000000574e-02
8.400000000000001216e-03 -6.369990000000000374e-02
8.410000000000000808e-03 -6.369790000000000174e-02
8.420000000000000401e-03 -6.369589999999999974e-02
8.429999999999999993e-03 -6.369400000000000062e-02
8.439999999999999586e-03 -6.369210000000000149e-02
8.449999999999999178e-03 -6.369020000000000237e-02
8.460000000000000506e-03 -6.368830000000000324e-02
8.470000000000000098e-03 -6.368640000000000412e-02
8.479999999999999691e-03 -6.368460000000000787e-02
8.490000000000001018e-03 -6.368279999999999774e-02
8.500000000000000611e-03 -6.368100000000000149e-02
8.510000000000000203e-03 -6.367920000000000524e-02
8.519999999999999796e-03 -6.367739999999999512e-02
8.529999999999999388e-03 -6.367570000000000174e-02
8.539999999999998981e-03 -6.367390000000000549e-02
8.550000000000000308e-03 -6.367219999999999824e-02
8.559999999999999901e-03 -6.367049999999999099e-02
8.569999999999999493e-03 -6.366879999999999762e-02
8.580000000000000820e-03 -6.366720000000000712e-02
8.590000000000000413e-03 -6.366549999999999987e-02
8.600000000000000006e-03 -6.366389999999999549e-02
8.609999999999999598e-03 -6.366230000000000500e-02
8.619999999999999191e-03 -6.366070000000000062e-02
8.630000000000000518e-03 -6.365909999999999624e-02
8.640000000000000110e-03 -6.365750000000000575e-02
8.649999999999999703e-03 -6.365590000000000137e-02
8.659999999999999296e-03 -6.365439999999999987e-02
8.670000000000000623e-03 -6.365289999999999837e-02
8.680000000000000215e-03 -6.365129999999999399e-02
8.689999999999999808e-03 -6.364979999999999249e-02
8.699999999999999400e-03 -6.364840000000000775e-02
8.710000000000000728e-03 -6.364690000000000625e-02
8.720000000000000320e-03 -6.364540000000000475e-02
8.729999999999999913e-03 -6.364399999999999225e-02
8.739999999999999505e-03 -6.364250000000000462e-02
8.750000000000000833e-03 -6.364110000000000600e-02
8.760000000000000425e-03 -6.363969999999999350e-02
8.770000000000000018e-03 -6.363829999999999487e-02
8.779999999999999610e-03 -6.363689999999999625e-02
8.789999999999999203e-03 -6.363560000000000050e-02
8.800000000000000530e-03 -6.363420000000000187e-02
8.810000000000000123e-03 -6.363280000000000325e-02
8.819999999999999715e-03 -6.363150000000000750e-02
8.829999999999999308e-03 -6.363019999999999787e-02
8.840000000000000635e-03 -6.362890000000000212e-02
8.850000000000000228e-03 -6.362760000000000637e-02
8.859999999999999820e-03 -6.362629999999999675e-02
8.869999999999999413e-03 -6.362500000000000100e-02
8.880000000000000740e-03 -6.362370000000000525e-02
8.890000000000000333e-03 -6.362249999999999850e-02
8.899999999999999925e-03 -6.362120000000000275e-02
8.909999999999999518e-03 -6.361999999999999600e-02
8.919999999999999110e-03 -6.361880000000000313e-02
8.930000000000000437e-03 -6.361749999999999350e-02
8.940000000000000030e-03 -6.361630000000000063e-02
8.949999999999999623e-03 -6.361509999999999387e-02
8.960000000000000950e-03 -6.361400000000000388e-02
8.970000000000000542e-03 -6.361279999999999712e-02
8.980000000000000135e-03 -6.361160000000000425e-02
8.989999999999999727e-03 -6.361050000000000038e-02
8.999999999999999320e-03 -6.360929999999999362e-02
9.010000000000000647e-03 -6.360819999999998975e-02
9.020000000000000240e-03 -6.360699999999999688e-02
9.029999999999999832e-03 -6.360589999999999300e-02
9.039999999999999425e-03 -6.360480000000000300e-02
9.050000000000000752e-03 -6.360369999999999913e-02
9.060000000000000345e-03 -6.360260000000000913e-02
9.069999999999999937e-03 -6.360150000000000525e-02
9.079999999999999530e-03 -6.360040000000000138e-02
9.089999999999999122e-03 -6.359940000000000038e-02
9.100000000000000450e-03 -6.359829999999999650e-02
9.110000000000000042e-03 -6.359720000000000650e-02
9.119999999999999635e-03 -6.359620000000000550e-02
9.130000000000000962e-03 -6.359520000000000450e-02
9.140000000000000555e-03 -6.359410000000000063e-02
9.150000000000000147e-03 -6.359309999999999963e-02
9.159999999999999740e-03 -6.359209999999999863e-02
9.169999999999999332e-03 -6.359109999999999763e-02
9.179999999999998925e-03 -6.359009999999999663e-02
9.190000000000000252e-03 -6.358909999999999563e-02
9.199999999999999845e-03 -6.358809999999999463e-02
9.210000000000001172e-03 -6.358709999999999363e-02
9.220000000000000764e-03 -6.358619999999999550e-02
9.230000000000000357e-03 -6.358519999999999450e-02
9.239999999999999949e-03 -6.358420000000000738e-02
9.249999999999999542e-03 -6.358329999999999538e-02
9.259999999999999135e-03 -6.358229999999999438e-02
9.269999999999998727e-03 -6.358139999999999625e-02
9.280000000000000054e-03 -6.358049999999999813e-02
9.289999999999999647e-03 -6.357949999999999713e-02
9.300000000000000974e-03 -6.357859999999999900e-02
9.310000000000000567e-03 -6.357770000000000088e-02
9.320000000000000159e-03 -6.357680000000000275e-02
9.329999999999999752e-03 -6.357589999999999075e-02
9.339999999999999344e-03 -6.357500000000000651e-02
9.349999999999998937e-03 -6.357409999999999450e-02
9.360000000000000264e-03 -6.357319999999999638e-02
9.369999999999999857e-03 -6.357229999999999825e-02
9.380000000000001184e-03 -6.357150000000000301e-02
9.390000000000000777e-03 -6.357060000000000488e-02
9.400000000000000369e-03 -6.356969999999999288e-02
9.409999999999999962e-03 -6.356889999999999763e-02
9.419999999999999554e-03 -6.356799999999999951e-02
9.429999999999999147e-03 -6.356720000000000426e-02
9.439999999999998739e-03 -6.356639999999999513e-02
9.450000000000000067e-03 -6.356549999999999701e-02
9.460000000000001394e-03 -6.356470000000000176e-02
9.470000000000000986e-03 -6.356389999999999263e-02
9.480000000000000579e-03 -6.356309999999999738e-02
9.490000000000000172e-03 -6.356219999999999926e-02
9.499999999999999764e-03 -6.356140000000000401e-02
9.509999999999999357e-03 -6.356059999999999488e-02
9.519999999999998949e-03 -6.355979999999999963e-02
9.529999999999998542e-03 -6.355900000000000438e-02
9.539999999999999869e-03 -6.355819999999999526e-02
9.550000000000001196e-03 -6.355750000000000288e-02
9.560000000000000789e-03 -6.355669999999999376e-02
9.570000000000000381e-03 -6.355589999999999851e-02
9.579999999999999974e-03 -6.355510000000000326e-02
9.589999999999999566e-03 -6.355439999999999701e-02
9.599999999999999159e-03 -6.355360000000000176e-02
9.609999999999998752e-03 -6.355279999999999263e-02
9.620000000000000079e-03 -6.355210000000000026e-02
9.630000000000001406e-03 -6.355129999999999113e-02
9.640000000000000999e-03 -6.355059999999999876e-02
9.650000000000000591e-03 -6.354990000000000638e-02
9.660000000000000184e-03 -6.354909999999999726e-02
9.669999999999999776e-03 -6.354840000000000488e-02
9.679999999999999369e-03 -6.354769999999999863e-02
9.689999999999998961e-03 -6.354690000000000338e-02
9.699999999999998554e-03 -6.354619999999999713e-02
9.710000000000001616e-03 -6.354549999999999088e-02
9.720000000000001208e-03 -6.354479999999999851e-02
9.730000000000000801e-03 -6.354410000000000613e-02
9.740000000000000394e-03 -6.354339999999999988e-02
9.749999999999999986e-03 -6.354270000000000751e-02
9.759999999999999579e-03 -6.354200000000000126e-02
9.769999999999999171e-03 -6.354129999999999501e-02
9.779999999999998764e-03 -6.354060000000000263e-02
9.789999999999998356e-03 -6.353989999999999638e-02
9.800000000000001418e-03 -6.353920000000000401e-02
9.810000000000001011e-03 -6.353849999999999776e-02
9.820000000000000603e-03 -6.353779999999999151e-02
9.830000000000000196e-03 -6.353720000000000201e-02
9.839999999999999789e-03 -6.353649999999999576e-02
9.849999999999999381e-03 -6.353580000000000338e-02
9.859999999999998974e-03 -6.353520000000000001e-02
9.869999999999998566e-03 -6.353450000000000764e-02
9.880000000000001628e-03 -6.353380000000000138e-02
9.890000000000001221e-03 -6.353319999999999801e-02
9.900000000000000813e-03 -6.353250000000000564e-02
9.910000000000000406e-03 -6.353190000000000226e-02
9.919999999999999998e-03 -6.353119999999999601e-02
9.929999999999999591e-03 -6.353060000000000651e-02
9.939999999999999183e-03 -6.353000000000000314e-02
9.949999999999998776e-03 -6.352929999999999688e-02
9.960000000000000103e-03 -6.352870000000000739e-02
9.970000000000001431e-03 -6.352800000000000114e-02
9.980000000000001023e-03 -6.352739999999999776e-02
9.990000000000000616e-03 -6.352680000000000826e-02
1.000000000000000021e-02 -6.352620000000000489e-02
