0.000000000000000000e+00 -7.000000000000000666e-02
1.000000000000000082e-05 -6.975969999999999394e-02
2.000000000000000164e-05 -6.959390000000000021e-02
2.999999999999999737e-05 -6.945239999999999747e-02
4.000000000000000327e-05 -6.932389999999999386e-02
5.000000000000000240e-05 -6.920419999999999350e-02
5.999999999999999474e-05 -6.909070000000000489e-02
7.000000000000000742e-05 -6.898220000000000740e-02
8.000000000000000654e-05 -6.887759999999999716e-02
8.999999999999999212e-05 -6.877640000000000142e-02
1.000000000000000048e-04 -6.867790000000000006e-02
1.100000000000000039e-04 -6.858179999999999832e-02
1.199999999999999895e-04 -6.848789999999999045e-02
1.300000000000000157e-04 -6.839579999999999271e-02
1.400000000000000148e-04 -6.830529999999999935e-02
1.499999999999999869e-04 -6.821639999999999648e-02
1.600000000000000131e-04 -6.812880000000000325e-02
1.700000000000000122e-04 -6.804250000000000576e-02
1.799999999999999842e-04 -6.795729999999999826e-02
1.900000000000000105e-04 -6.787309999999999177e-02
2.000000000000000096e-04 -6.778990000000000016e-02
2.099999999999999816e-04 -6.770759999999999279e-02
2.200000000000000078e-04 -6.762609999999999455e-02
2.300000000000000070e-04 -6.754530000000000256e-02
2.399999999999999790e-04 -6.746530000000000582e-02
2.500000000000000052e-04 -6.738600000000000145e-02
2.600000000000000314e-04 -6.730730000000000046e-02
2.700000000000000035e-04 -6.722920000000000285e-02
2.800000000000000297e-04 -6.715170000000000861e-02
2.900000000000000017e-04 -6.707459999999999811e-02
2.999999999999999737e-04 -6.699809999999999099e-02
3.099999999999999999e-04 -6.692209999999999825e-02
3.200000000000000262e-04 -6.684650000000000314e-02
3.299999999999999982e-04 -6.677129999999999177e-02
3.400000000000000244e-04 -6.669650000000000578e-02
3.499999999999999964e-04 -6.662210000000000354e-02
3.599999999999999685e-04 -6.654809999999999892e-02
3.699999999999999947e-04 -6.647440000000000293e-02
3.800000000000000209e-04 -6.640110000000000456e-02
3.899999999999999929e-04 -6.632799999999999807e-02
4.000000000000000192e-04 -6.625530000000000308e-02
4.099999999999999912e-04 -6.618290000000000284e-02
4.199999999999999632e-04 -6.611069999999999447e-02
4.299999999999999894e-04 -6.603879999999999473e-02
4.400000000000000157e-04 -6.596710000000000074e-02
4.499999999999999877e-04 -6.589570000000000149e-02
4.600000000000000139e-04 -6.582449999999999413e-02
4.699999999999999859e-04 -6.575350000000000639e-02
4.799999999999999580e-04 -6.568269999999999664e-02
4.899999999999999842e-04 -6.561209999999999265e-02
5.000000000000000104e-04 -6.554170000000000829e-02
5.100000000000000366e-04 -6.547150000000000192e-02
5.200000000000000629e-04 -6.540150000000000130e-02
5.299999999999999807e-04 -6.533159999999998968e-02
5.400000000000000069e-04 -6.526189999999999769e-02
5.500000000000000331e-04 -6.519230000000000858e-02
5.600000000000000594e-04 -6.512289999999999746e-02
5.699999999999999772e-04 -6.505360000000000309e-02
5.800000000000000034e-04 -6.498439999999999772e-02
5.899999999999999212e-04 -6.491540000000001198e-02
5.999999999999999474e-04 -6.484650000000000136e-02
6.099999999999999737e-04 -6.477769999999999362e-02
6.199999999999999999e-04 -6.470900000000000263e-02
6.300000000000000261e-04 -6.464040000000000064e-02
6.400000000000000524e-04 -6.457190000000000152e-02
6.499999999999999702e-04 -6.450350000000000528e-02
6.599999999999999964e-04 -6.443519999999999803e-02
6.700000000000000226e-04 -6.436700000000000754e-02
6.800000000000000488e-04 -6.429880000000000317e-02
6.899999999999999667e-04 -6.423070000000000168e-02
6.999999999999999929e-04 -6.416270000000000306e-02
7.099999999999999107e-04 -6.409470000000000445e-02
7.199999999999999369e-04 -6.402679999999999483e-02
7.299999999999999632e-04 -6.395900000000000196e-02
7.399999999999999894e-04 -6.389119999999999522e-02
7.500000000000000156e-04 -6.382340000000000235e-02
7.600000000000000418e-04 -6.375569999999999848e-02
7.700000000000000681e-04 -6.368800000000000849e-02
7.799999999999999859e-04 -6.362039999999999362e-02
7.900000000000000121e-04 -6.355279999999999263e-02
8.000000000000000383e-04 -6.348520000000000552e-02
8.100000000000000646e-04 -6.341760000000000452e-02
8.199999999999999824e-04 -6.335009999999999253e-02
8.300000000000000086e-04 -6.328250000000000541e-02
8.399999999999999264e-04 -6.321500000000000730e-02
8.499999999999999526e-04 -6.314749999999999530e-02
8.599999999999999789e-04 -6.307999999999999718e-02
8.700000000000000051e-04 -6.301249999999999907e-02
8.800000000000000313e-04 -6.294500000000000095e-02
8.900000000000000576e-04 -6.287750000000000283e-02
8.999999999999999754e-04 -6.280990000000000184e-02
9.100000000000000016e-04 -6.274240000000000372e-02
9.200000000000000278e-04 -6.267480000000000273e-02
9.300000000000000541e-04 -6.260730000000000461e-02
9.399999999999999719e-04 -6.253970000000000362e-02
9.499999999999999981e-04 -6.247199999999999975e-02
9.599999999999999159e-04 -6.240440000000000570e-02
9.699999999999999421e-04 -6.233670000000000183e-02
9.799999999999999684e-04 -6.226890000000000203e-02
9.899999999999999946e-04 -6.220119999999999816e-02
1.000000000000000021e-03 -6.213339999999999835e-02
1.010000000000000047e-03 -6.206550000000000261e-02
1.020000000000000073e-03 -6.199759999999999993e-02
1.030000000000000100e-03 -6.192960000000000131e-02
1.040000000000000126e-03 -6.186160000000000270e-02
1.050000000000000152e-03 -6.179350000000000120e-02
1.059999999999999961e-03 -6.172539999999999971e-02
1.069999999999999988e-03 -6.165720000000000228e-02
1.080000000000000014e-03 -6.158890000000000198e-02
1.090000000000000040e-03 -6.152049999999999880e-02
1.100000000000000066e-03 -6.145210000000000256e-02
1.110000000000000092e-03 -6.138360000000000344e-02
1.120000000000000119e-03 -6.131499999999999451e-02
1.129999999999999928e-03 -6.124639999999999945e-02
1.139999999999999954e-03 -6.117759999999999865e-02
1.149999999999999981e-03 -6.110880000000000478e-02
1.160000000000000007e-03 -6.103979999999999823e-02
1.170000000000000033e-03 -6.097079999999999861e-02
1.179999999999999842e-03 -6.090160000000000018e-02
1.189999999999999869e-03 -6.083240000000000175e-02
1.199999999999999895e-03 -6.076299999999999757e-02
1.209999999999999921e-03 -6.069349999999999745e-02
1.219999999999999947e-03 -6.062400000000000427e-02
1.229999999999999974e-03 -6.055420000000000247e-02
1.240000000000000000e-03 -6.048440000000000066e-02
1.250000000000000026e-03 -6.041449999999999598e-02
1.260000000000000052e-03 -6.034439999999999943e-02
1.270000000000000078e-03 -6.027409999999999712e-02
1.280000000000000105e-03 -6.020380000000000176e-02
1.290000000000000131e-03 -6.013330000000000064e-02
1.299999999999999940e-03 -6.006260000000000071e-02
1.309999999999999967e-03 -5.999179999999999791e-02
1.319999999999999993e-03 -5.992090000000000610e-02
1.330000000000000019e-03 -5.984969999999999873e-02
1.340000000000000045e-03 -5.977849999999999830e-02
1.350000000000000071e-03 -5.970700000000000313e-02
1.360000000000000098e-03 -5.963539999999999813e-02
1.370000000000000124e-03 -5.956360000000000127e-02
1.379999999999999933e-03 -5.949159999999999865e-02
1.389999999999999960e-03 -5.941950000000000010e-02
1.399999999999999986e-03 -5.934709999999999985e-02
1.410000000000000012e-03 -5.927459999999999674e-02
1.419999999999999821e-03 -5.920179999999999887e-02
1.429999999999999848e-03 -5.912889999999999813e-02
1.439999999999999874e-03 -5.905570000000000264e-02
1.449999999999999900e-03 -5.898230000000000139e-02
1.459999999999999926e-03 -5.890879999999999728e-02
1.469999999999999953e-03 -5.883489999999999553e-02
1.479999999999999979e-03 -5.876089999999999786e-02
1.490000000000000005e-03 -5.868659999999999849e-02
1.500000000000000031e-03 -5.861210000000000031e-02
1.510000000000000057e-03 -5.853730000000000044e-02
1.520000000000000084e-03 -5.846230000000000177e-02
1.530000000000000110e-03 -5.838700000000000140e-02
1.540000000000000136e-03 -5.831139999999999934e-02
1.549999999999999946e-03 -5.823559999999999848e-02
1.559999999999999972e-03 -5.815950000000000286e-02
1.569999999999999998e-03 -5.808299999999999574e-02
1.580000000000000024e-03 -5.800630000000000369e-02
1.590000000000000050e-03 -5.792929999999999607e-02
1.600000000000000077e-03 -5.785199999999999371e-02
1.610000000000000103e-03 -5.777439999999999659e-02
1.620000000000000129e-03 -5.769639999999999491e-02
1.629999999999999939e-03 -5.761820000000000136e-02
1.639999999999999965e-03 -5.753949999999999343e-02
1.649999999999999991e-03 -5.746050000000000463e-02
1.660000000000000017e-03 -5.738120000000000026e-02
1.669999999999999827e-03 -5.730149999999999827e-02
1.679999999999999853e-03 -5.722140000000000559e-02
1.689999999999999879e-03 -5.714090000000000141e-02
1.699999999999999905e-03 -5.705999999999999961e-02
1.709999999999999932e-03 -5.697870000000000018e-02
1.719999999999999958e-03 -5.689699999999999619e-02
1.729999999999999984e-03 -5.681490000000000151e-02
1.740000000000000010e-03 -5.673229999999999940e-02
1.750000000000000036e-03 -5.664920000000000372e-02
1.760000000000000063e-03 -5.656569999999999654e-02
1.770000000000000089e-03 -5.648169999999999580e-02
1.780000000000000115e-03 -5.639719999999999456e-02
1.790000000000000141e-03 -5.631219999999999976e-02
1.799999999999999951e-03 -5.622670000000000445e-02
1.809999999999999977e-03 -5.614059999999999884e-02
1.820000000000000003e-03 -5.605399999999999966e-02
1.830000000000000029e-03 -5.596679999999999711e-02
1.840000000000000056e-03 -5.587899999999999812e-02
1.850000000000000082e-03 -5.579059999999999575e-02
1.860000000000000108e-03 -5.570150000000000101e-02
1.870000000000000134e-03 -5.561189999999999883e-02
1.879999999999999944e-03 -5.552150000000000141e-02
1.889999999999999970e-03 -5.543050000000000060e-02
1.899999999999999996e-03 -5.533880000000000049e-02
1.910000000000000022e-03 -5.524629999999999819e-02
1.919999999999999832e-03 -5.515310000000000351e-02
1.929999999999999858e-03 -5.505909999999999971e-02
1.939999999999999884e-03 -5.496430000000000066e-02
1.949999999999999910e-03 -5.486860000000000348e-02
1.959999999999999937e-03 -5.477210000000000412e-02
1.969999999999999963e-03 -5.467469999999999969e-02
1.979999999999999989e-03 -5.457639999999999714e-02
1.990000000000000015e-03 -5.447710000000000052e-02
2.000000000000000042e-03 -5.437689999999999885e-02
2.009999999999999634e-03 -5.427550000000000430e-02
2.020000000000000094e-03 -5.417320000000000468e-02
2.029999999999999687e-03 -5.406969999999999832e-02
2.040000000000000147e-03 -5.396500000000000602e-02
2.049999999999999739e-03 -5.385920000000000291e-02
2.060000000000000199e-03 -5.375209999999999710e-02
2.069999999999999792e-03 -5.364370000000000249e-02
2.080000000000000251e-03 -5.353390000000000232e-02
2.089999999999999844e-03 -5.342279999999999945e-02
2.100000000000000304e-03 -5.331009999999999915e-02
2.109999999999999896e-03 -5.319590000000000429e-02
2.119999999999999923e-03 -5.308010000000000506e-02
2.129999999999999949e-03 -5.296270000000000144e-02
2.139999999999999975e-03 -5.284340000000000565e-02
2.150000000000000001e-03 -5.272229999999999972e-02
2.160000000000000028e-03 -5.259930000000000161e-02
2.170000000000000054e-03 -5.247430000000000150e-02
2.180000000000000080e-03 -5.234710000000000057e-02
2.190000000000000106e-03 -5.221759999999999596e-02
2.200000000000000133e-03 -5.208580000000000154e-02
2.210000000000000159e-03 -5.195150000000000462e-02
2.220000000000000185e-03 -5.181449999999999945e-02
2.229999999999999778e-03 -5.167479999999999990e-02
2.240000000000000237e-03 -5.153209999999999735e-02
2.249999999999999830e-03 -5.138619999999999993e-02
2.259999999999999856e-03 -5.123700000000000476e-02
2.269999999999999882e-03 -5.108420000000000322e-02
2.279999999999999909e-03 -5.092769999999999936e-02
2.289999999999999935e-03 -5.076710000000000250e-02
2.299999999999999961e-03 -5.060219999999999996e-02
2.309999999999999987e-03 -5.043260000000000104e-02
2.320000000000000014e-03 -5.025790000000000118e-02
2.330000000000000040e-03 -5.007790000000000158e-02
2.340000000000000066e-03 -4.989200000000000579e-02
2.350000000000000092e-03 -4.969969999999999943e-02
2.359999999999999685e-03 -4.950039999999999996e-02
2.370000000000000145e-03 -4.929359999999999992e-02
2.379999999999999737e-03 -4.907840000000000119e-02
2.390000000000000197e-03 -4.885390000000000565e-02
2.399999999999999790e-03 -4.861920000000000130e-02
2.410000000000000250e-03 -4.837299999999999933e-02
2.419999999999999842e-03 -4.811379999999999824e-02
2.430000000000000302e-03 -4.784000000000000058e-02
2.439999999999999895e-03 -4.754950000000000149e-02
2.450000000000000355e-03 -4.723959999999999965e-02
2.459999999999999947e-03 -4.690710000000000018e-02
2.470000000000000407e-03 -4.654809999999999504e-02
2.480000000000000000e-03 -4.615769999999999595e-02
2.490000000000000026e-03 -4.572979999999999406e-02
2.500000000000000052e-03 -4.525759999999999506e-02
2.509999999999999645e-03 -4.473370000000000124e-02
2.520000000000000104e-03 -4.415079999999999699e-02
2.529999999999999697e-03 -4.349989999999999413e-02
2.540000000000000157e-03 -4.276730000000000115e-02
2.549999999999999750e-03 -4.193050000000000249e-02
2.560000000000000209e-03 -4.095939999999999998e-02
2.569999999999999802e-03 -3.982609999999999623e-02
2.580000000000000262e-03 -3.851569999999999994e-02
2.589999999999999854e-03 -3.702740000000000198e-02
2.599999999999999881e-03 -3.536820000000000241e-02
2.609999999999999907e-03 -3.354740000000000499e-02
2.619999999999999933e-03 -3.157560000000000228e-02
2.629999999999999959e-03 -2.946930000000000036e-02
2.639999999999999986e-03 -2.725209999999999785e-02
2.650000000000000012e-03 -2.495619999999999783e-02
2.660000000000000038e-03 -2.258220000000000019e-02
2.670000000000000064e-03 -2.008539999999999978e-02
2.680000000000000090e-03 -1.740550000000000083e-02
2.690000000000000117e-03 -1.446380000000000061e-02
2.700000000000000143e-03 -1.116840000000000020e-02
2.710000000000000169e-03 -7.432660000000000655e-03
2.720000000000000195e-03 -3.218149999999999917e-03
2.729999999999999788e-03 1.403900000000000026e-03
2.740000000000000248e-03 6.215360000000000502e-03
2.749999999999999840e-03 1.089880000000000015e-02
2.759999999999999867e-03 1.515670000000000038e-02
2.769999999999999893e-03 1.880139999999999936e-02
2.779999999999999919e-03 2.176379999999999981e-02
2.789999999999999945e-03 2.405409999999999840e-02
2.799999999999999972e-03 2.572080000000000199e-02
2.809999999999999998e-03 2.682280000000000081e-02
2.820000000000000024e-03 2.741499999999999840e-02
2.830000000000000050e-03 2.754399999999999904e-02
2.839999999999999643e-03 2.724769999999999970e-02
2.850000000000000103e-03 2.655820000000000056e-02
2.859999999999999695e-03 2.550509999999999930e-02
2.870000000000000155e-03 2.411899999999999808e-02
2.879999999999999748e-03 2.243380000000000027e-02
2.890000000000000208e-03 2.048809999999999867e-02
2.899999999999999800e-03 1.832539999999999863e-02
2.910000000000000260e-03 1.599269999999999858e-02
2.919999999999999853e-03 1.353799999999999969e-02
2.930000000000000313e-03 1.100740000000000052e-02
2.939999999999999905e-03 8.441960000000000089e-03
2.950000000000000365e-03 5.875829999999999421e-03
2.959999999999999958e-03 3.335080000000000249e-03
2.969999999999999984e-03 8.379200000000000276e-04
2.980000000000000010e-03 -1.604230000000000109e-03
2.990000000000000036e-03 -3.985189999999999566e-03
3.000000000000000062e-03 -6.302340000000000025e-03
3.009999999999999655e-03 -8.555220000000000533e-03
3.020000000000000115e-03 -1.074459999999999998e-02
3.029999999999999707e-03 -1.287359999999999893e-02
3.040000000000000167e-03 -1.495069999999999906e-02
3.049999999999999760e-03 -1.698120000000000185e-02
3.060000000000000220e-03 -1.896830000000000044e-02
3.069999999999999812e-03 -2.091359999999999747e-02
3.080000000000000272e-03 -2.281649999999999998e-02
3.089999999999999865e-03 -2.467470000000000080e-02
3.099999999999999891e-03 -2.648400000000000060e-02
3.109999999999999917e-03 -2.823560000000000306e-02
3.119999999999999944e-03 -2.994519999999999821e-02
3.129999999999999970e-03 -3.162979999999999958e-02
3.139999999999999996e-03 -3.330290000000000333e-02
3.150000000000000022e-03 -3.497460000000000152e-02
3.160000000000000048e-03 -3.665050000000000252e-02
3.170000000000000075e-03 -3.833050000000000346e-02
3.180000000000000101e-03 -4.000809999999999783e-02
3.190000000000000127e-03 -4.167049999999999921e-02
3.200000000000000153e-03 -4.330029999999999990e-02
3.210000000000000180e-03 -4.487689999999999735e-02
3.220000000000000206e-03 -4.637929999999999831e-02
3.229999999999999798e-03 -4.778940000000000271e-02
3.240000000000000258e-03 -4.909360000000000113e-02
3.249999999999999851e-03 -5.028450000000000281e-02
3.259999999999999877e-03 -5.136030000000000456e-02
3.269999999999999903e-03 -5.232379999999999670e-02
3.279999999999999930e-03 -5.318149999999999961e-02
3.289999999999999956e-03 -5.394149999999999640e-02
3.299999999999999982e-03 -5.461300000000000182e-02
3.310000000000000008e-03 -5.520529999999999882e-02
3.320000000000000034e-03 -5.572690000000000282e-02
3.330000000000000061e-03 -5.618599999999999983e-02
3.339999999999999653e-03 -5.658979999999999566e-02
3.350000000000000113e-03 -5.694439999999999918e-02
3.359999999999999706e-03 -5.725540000000000490e-02
3.370000000000000166e-03 -5.752759999999999818e-02
3.379999999999999758e-03 -5.776509999999999978e-02
3.390000000000000218e-03 -5.797139999999999932e-02
3.399999999999999811e-03 -5.814960000000000268e-02
3.410000000000000270e-03 -5.830259999999999609e-02
3.419999999999999863e-03 -5.843280000000000002e-02
3.430000000000000323e-03 -5.854229999999999851e-02
3.439999999999999915e-03 -5.863320000000000337e-02
3.450000000000000375e-03 -5.870729999999999699e-02
3.459999999999999968e-03 -5.876619999999999761e-02
3.469999999999999994e-03 -5.881139999999999979e-02
3.480000000000000020e-03 -5.884429999999999522e-02
3.490000000000000047e-03 -5.886610000000000453e-02
3.500000000000000073e-03 -5.887780000000000097e-02
3.509999999999999665e-03 -5.888059999999999822e-02
3.520000000000000125e-03 -5.887530000000000541e-02
3.529999999999999718e-03 -5.886279999999999984e-02
3.540000000000000178e-03 -5.884389999999999760e-02
3.549999999999999770e-03 -5.881929999999999797e-02
3.560000000000000230e-03 -5.878959999999999742e-02
3.569999999999999823e-03 -5.875539999999999929e-02
3.580000000000000283e-03 -5.871719999999999717e-02
3.589999999999999875e-03 -5.867560000000000137e-02
3.599999999999999901e-03 -5.863080000000000375e-02
3.609999999999999928e-03 -5.858340000000000075e-02
3.619999999999999954e-03 -5.853370000000000101e-02
3.629999999999999980e-03 -5.848190000000000333e-02
3.640000000000000006e-03 -5.842850000000000127e-02
3.650000000000000033e-03 -5.837370000000000059e-02
3.660000000000000059e-03 -5.831779999999999603e-02
3.670000000000000085e-03 -5.826089999999999741e-02
3.680000000000000111e-03 -5.820329999999999948e-02
3.690000000000000138e-03 -5.814509999999999817e-02
3.700000000000000164e-03 -5.808669999999999806e-02
3.709999999999999756e-03 -5.802799999999999625e-02
3.720000000000000216e-03 -5.796929999999999444e-02
3.729999999999999809e-03 -5.791069999999999551e-02
3.740000000000000269e-03 -5.785240000000000521e-02
3.749999999999999861e-03 -5.779440000000000272e-02
3.759999999999999887e-03 -5.773670000000000191e-02
3.769999999999999914e-03 -5.767949999999999466e-02
3.779999999999999940e-03 -5.762290000000000467e-02
3.789999999999999966e-03 -5.756689999999999724e-02
3.799999999999999992e-03 -5.751169999999999893e-02
3.810000000000000019e-03 -5.745739999999999875e-02
3.820000000000000045e-03 -5.740400000000000363e-02
3.830000000000000071e-03 -5.735159999999999564e-02
3.839999999999999664e-03 -5.730029999999999846e-02
3.850000000000000124e-03 -5.725010000000000515e-02
3.859999999999999716e-03 -5.720100000000000184e-02
3.870000000000000176e-03 -5.715320000000000122e-02
3.879999999999999769e-03 -5.710660000000000042e-02
3.890000000000000228e-03 -5.706139999999999823e-02
3.899999999999999821e-03 -5.701749999999999874e-02
3.910000000000000281e-03 -5.697500000000000481e-02
3.919999999999999873e-03 -5.693390000000000256e-02
3.930000000000000333e-03 -5.689419999999999894e-02
3.939999999999999926e-03 -5.685600000000000376e-02
3.950000000000000386e-03 -5.681929999999999620e-02
3.959999999999999978e-03 -5.678410000000000402e-02
3.970000000000000438e-03 -5.675039999999999946e-02
3.980000000000000031e-03 -5.671820000000000334e-02
3.990000000000000491e-03 -5.668760000000000465e-02
4.000000000000000083e-03 -5.665849999999999359e-02
4.009999999999999676e-03 -5.663100000000000078e-02
4.019999999999999268e-03 -5.660499999999999560e-02
4.030000000000000596e-03 -5.658049999999999885e-02
4.040000000000000188e-03 -5.655759999999999954e-02
4.049999999999999781e-03 -5.653620000000000173e-02
4.059999999999999373e-03 -5.651629999999999848e-02
4.070000000000000701e-03 -5.649790000000000367e-02
4.080000000000000293e-03 -5.648100000000000342e-02
4.089999999999999886e-03 -5.646550000000000180e-02
4.099999999999999478e-03 -5.645139999999999880e-02
4.109999999999999938e-03 -5.643879999999999730e-02
4.120000000000000398e-03 -5.642750000000000543e-02
4.129999999999999991e-03 -5.641759999999999831e-02
4.139999999999999583e-03 -5.640900000000000081e-02
4.150000000000000043e-03 -5.640169999999999906e-02
4.160000000000000503e-03 -5.639560000000000406e-02
4.170000000000000095e-03 -5.639079999999999787e-02
4.179999999999999688e-03 -5.638709999999999556e-02
4.190000000000000148e-03 -5.638460000000000000e-02
4.200000000000000608e-03 -5.638320000000000137e-02
4.210000000000000200e-03 -5.638289999999999969e-02
4.219999999999999793e-03 -5.638359999999999900e-02
4.230000000000000253e-03 -5.638529999999999931e-02
4.239999999999999845e-03 -5.638790000000000469e-02
4.250000000000000305e-03 -5.639139999999999431e-02
4.259999999999999898e-03 -5.639580000000000287e-02
4.269999999999999490e-03 -5.640110000000000262e-02
4.279999999999999950e-03 -5.640710000000000168e-02
4.290000000000000410e-03 -5.641380000000000006e-02
4.300000000000000003e-03 -5.642130000000000062e-02
4.309999999999999595e-03 -5.642940000000000456e-02
4.320000000000000055e-03 -5.643809999999999799e-02
4.329999999999999648e-03 -5.644740000000000174e-02
4.340000000000000108e-03 -5.645729999999999499e-02
4.349999999999999700e-03 -5.646759999999999974e-02
4.360000000000000160e-03 -5.647839999999999805e-02
4.369999999999999753e-03 -5.648960000000000092e-02
4.380000000000000213e-03 -5.650119999999999448e-02
4.389999999999999805e-03 -5.651310000000000361e-02
4.400000000000000265e-03 -5.652539999999999648e-02
4.409999999999999858e-03 -5.653790000000000204e-02
4.420000000000000318e-03 -5.655059999999999948e-02
4.429999999999999910e-03 -5.656359999999999860e-02
4.440000000000000370e-03 -5.657670000000000060e-02
4.449999999999999963e-03 -5.659000000000000141e-02
4.459999999999999555e-03 -5.660339999999999816e-02
4.470000000000000015e-03 -5.661679999999999491e-02
4.480000000000000475e-03 -5.663040000000000435e-02
4.490000000000000067e-03 -5.664390000000000397e-02
4.499999999999999660e-03 -5.665740000000000359e-02
4.510000000000000120e-03 -5.667099999999999915e-02
4.519999999999999712e-03 -5.668439999999999590e-02
4.530000000000000172e-03 -5.669779999999999959e-02
4.539999999999999765e-03 -5.671110000000000040e-02
4.550000000000000225e-03 -5.672429999999999833e-02
4.559999999999999817e-03 -5.673729999999999746e-02
4.570000000000000277e-03 -5.675020000000000064e-02
4.579999999999999870e-03 -5.676300000000000096e-02
4.589999999999999462e-03 -5.677549999999999958e-02
4.599999999999999922e-03 -5.678790000000000227e-02
4.610000000000000382e-03 -5.679999999999999633e-02
4.619999999999999975e-03 -5.681189999999999851e-02
4.629999999999999567e-03 -5.682350000000000595e-02
4.640000000000000027e-03 -5.683490000000000070e-02
4.650000000000000487e-03 -5.684609999999999663e-02
4.660000000000000080e-03 -5.685699999999999782e-02
4.669999999999999672e-03 -5.686760000000000426e-02
4.680000000000000132e-03 -5.687789999999999513e-02
4.690000000000000592e-03 -5.688790000000000513e-02
4.700000000000000185e-03 -5.689759999999999956e-02
4.709999999999999777e-03 -5.690710000000000213e-02
4.719999999999999370e-03 -5.691620000000000013e-02
4.730000000000000697e-03 -5.692499999999999644e-02
4.740000000000000289e-03 -5.693360000000000087e-02
4.749999999999999882e-03 -5.694180000000000075e-02
4.759999999999999475e-03 -5.694969999999999893e-02
4.769999999999999934e-03 -5.695729999999999543e-02
4.780000000000000394e-03 -5.696459999999999718e-02
4.789999999999999987e-03 -5.697160000000000418e-02
4.799999999999999580e-03 -5.697829999999999562e-02
4.810000000000000039e-03 -5.698480000000000212e-02
4.820000000000000499e-03 -5.699090000000000406e-02
4.830000000000000092e-03 -5.699680000000000024e-02
4.839999999999999684e-03 -5.700229999999999880e-02
4.849999999999999277e-03 -5.700770000000000143e-02
4.860000000000000604e-03 -5.701269999999999949e-02
4.870000000000000197e-03 -5.701749999999999874e-02
4.879999999999999789e-03 -5.702199999999999630e-02
4.889999999999999382e-03 -5.702630000000000199e-02
4.900000000000000709e-03 -5.703040000000000193e-02
4.910000000000000302e-03 -5.703430000000000305e-02
4.919999999999999894e-03 -5.703790000000000249e-02
4.929999999999999487e-03 -5.704140000000000599e-02
4.940000000000000814e-03 -5.704460000000000086e-02
4.950000000000000407e-03 -5.704769999999999980e-02
4.959999999999999999e-03 -5.705059999999999992e-02
4.969999999999999592e-03 -5.705330000000000124e-02
4.980000000000000052e-03 -5.705589999999999967e-02
4.990000000000000512e-03 -5.705840000000000217e-02
5.000000000000000104e-03 -5.706069999999999892e-02
5.009999999999999697e-03 -5.706289999999999973e-02
5.019999999999999289e-03 -5.706499999999999767e-02
5.030000000000000616e-03 -5.706699999999999967e-02
5.040000000000000209e-03 -5.706900000000000167e-02
5.049999999999999802e-03 -5.707079999999999792e-02
5.059999999999999394e-03 -5.707260000000000111e-02
5.069999999999999854e-03 -5.707439999999999736e-02
5.080000000000000314e-03 -5.707609999999999767e-02
5.089999999999999906e-03 -5.707780000000000492e-02
5.099999999999999499e-03 -5.707950000000000523e-02
5.109999999999999959e-03 -5.708120000000000555e-02
5.120000000000000419e-03 -5.708279999999999604e-02
5.130000000000000011e-03 -5.708449999999999636e-02
5.139999999999999604e-03 -5.708629999999999954e-02
5.150000000000000064e-03 -5.708799999999999986e-02
5.160000000000000524e-03 -5.708979999999999611e-02
5.170000000000000116e-03 -5.709170000000000217e-02
5.179999999999999709e-03 -5.709360000000000129e-02
5.190000000000000169e-03 -5.709559999999999635e-02
5.199999999999999761e-03 -5.709770000000000123e-02
5.210000000000000221e-03 -5.709989999999999510e-02
5.219999999999999814e-03 -5.710220000000000573e-02
5.230000000000000274e-03 -5.710459999999999842e-02
5.239999999999999866e-03 -5.710710000000000092e-02
5.250000000000000326e-03 -5.710969999999999935e-02
5.259999999999999919e-03 -5.711240000000000067e-02
5.269999999999999511e-03 -5.711530000000000079e-02
5.279999999999999971e-03 -5.711829999999999685e-02
5.290000000000000431e-03 -5.712140000000000273e-02
5.300000000000000024e-03 -5.712470000000000048e-02
5.309999999999999616e-03 -5.712819999999999704e-02
5.320000000000000076e-03 -5.713179999999999648e-02
5.329999999999999669e-03 -5.713559999999999472e-02
5.340000000000000129e-03 -5.713949999999999585e-02
5.349999999999999721e-03 -5.714360000000000273e-02
5.360000000000000181e-03 -5.714779999999999860e-02
5.369999999999999774e-03 -5.715229999999999616e-02
5.380000000000000233e-03 -5.715690000000000354e-02
5.389999999999999826e-03 -5.716159999999999991e-02
5.400000000000000286e-03 -5.716660000000000491e-02
5.409999999999999878e-03 -5.717169999999999891e-02
5.420000000000000338e-03 -5.717690000000000272e-02
5.429999999999999931e-03 -5.718240000000000128e-02
5.440000000000000391e-03 -5.718800000000000272e-02
5.449999999999999983e-03 -5.719380000000000297e-02
5.459999999999999576e-03 -5.719969999999999916e-02
5.470000000000000036e-03 -5.720589999999999703e-02
5.480000000000000496e-03 -5.721210000000000184e-02
5.490000000000000088e-03 -5.721860000000000140e-02
5.499999999999999681e-03 -5.722520000000000384e-02
5.510000000000000141e-03 -5.723190000000000222e-02
5.519999999999999733e-03 -5.723879999999999940e-02
5.530000000000000193e-03 -5.724579999999999946e-02
5.539999999999999786e-03 -5.725299999999999834e-02
5.550000000000000246e-03 -5.726030000000000009e-02
5.559999999999999838e-03 -5.726780000000000065e-02
5.570000000000000298e-03 -5.727530000000000121e-02
5.579999999999999891e-03 -5.728300000000000058e-02
5.589999999999999483e-03 -5.729079999999999590e-02
5.599999999999999943e-03 -5.729879999999999696e-02
5.610000000000000403e-03 -5.730680000000000496e-02
5.619999999999999996e-03 -5.731490000000000196e-02
5.629999999999999588e-03 -5.732309999999999489e-02
5.640000000000000048e-03 -5.733140000000000458e-02
5.650000000000000508e-03 -5.733979999999999633e-02
5.660000000000000100e-03 -5.734830000000000483e-02
5.669999999999999693e-03 -5.735679999999999945e-02
5.679999999999999286e-03 -5.736540000000000389e-02
5.690000000000000613e-03 -5.737409999999999732e-02
5.700000000000000205e-03 -5.738280000000000464e-02
5.709999999999999798e-03 -5.739159999999999401e-02
5.719999999999999390e-03 -5.740039999999999726e-02
5.730000000000000718e-03 -5.740920000000000051e-02
5.740000000000000310e-03 -5.741809999999999969e-02
5.749999999999999903e-03 -5.742699999999999888e-02
5.759999999999999495e-03 -5.743589999999999807e-02
5.769999999999999955e-03 -5.744480000000000419e-02
5.780000000000000415e-03 -5.745369999999999644e-02
5.790000000000000008e-03 -5.746260000000000256e-02
5.799999999999999600e-03 -5.747160000000000463e-02
5.809999999999999193e-03 -5.748049999999999687e-02
5.820000000000000520e-03 -5.748930000000000012e-02
5.830000000000000113e-03 -5.749819999999999931e-02
5.839999999999999705e-03 -5.750699999999999562e-02
5.849999999999999298e-03 -5.751579999999999887e-02
5.860000000000000625e-03 -5.752460000000000212e-02
5.870000000000000218e-03 -5.753329999999999556e-02
5.879999999999999810e-03 -5.754189999999999999e-02
5.889999999999999403e-03 -5.755060000000000037e-02
5.900000000000000730e-03 -5.755910000000000193e-02
5.910000000000000323e-03 -5.756759999999999655e-02
5.919999999999999915e-03 -5.757600000000000218e-02
5.929999999999999508e-03 -5.758429999999999799e-02
5.939999999999999968e-03 -5.759260000000000074e-02
5.950000000000000427e-03 -5.760080000000000061e-02
5.960000000000000020e-03 -5.760889999999999761e-02
5.969999999999999613e-03 -5.761689999999999867e-02
5.980000000000000072e-03 -5.762480000000000380e-02
5.990000000000000532e-03 -5.763259999999999911e-02
6.000000000000000125e-03 -5.764030000000000542e-02
6.009999999999999717e-03 -5.764800000000000479e-02
6.019999999999999310e-03 -5.765550000000000536e-02
6.030000000000000637e-03 -5.766290000000000304e-02
6.040000000000000230e-03 -5.767009999999999498e-02
6.049999999999999822e-03 -5.767730000000000079e-02
6.059999999999999415e-03 -5.768439999999999679e-02
6.069999999999999875e-03 -5.769130000000000091e-02
6.080000000000000335e-03 -5.769809999999999522e-02
6.089999999999999927e-03 -5.770480000000000054e-02
6.099999999999999520e-03 -5.771130000000000010e-02
6.109999999999999980e-03 -5.771770000000000372e-02
6.120000000000000440e-03 -5.772399999999999753e-02
6.130000000000000032e-03 -5.773020000000000235e-02
6.139999999999999625e-03 -5.773619999999999447e-02
6.150000000000000085e-03 -5.774199999999999472e-02
6.160000000000000545e-03 -5.774779999999999497e-02
6.170000000000000137e-03 -5.775330000000000047e-02
6.179999999999999730e-03 -5.775879999999999903e-02
6.190000000000000190e-03 -5.776409999999999878e-02
6.199999999999999782e-03 -5.776919999999999972e-02
6.210000000000000242e-03 -5.777419999999999778e-02
6.219999999999999835e-03 -5.777909999999999990e-02
6.230000000000000294e-03 -5.778379999999999628e-02
6.239999999999999887e-03 -5.778830000000000078e-02
6.250000000000000347e-03 -5.779270000000000240e-02
6.259999999999999939e-03 -5.779689999999999828e-02
6.269999999999999532e-03 -5.780100000000000515e-02
6.279999999999999992e-03 -5.780500000000000221e-02
6.290000000000000452e-03 -5.780870000000000453e-02
6.300000000000000044e-03 -5.781229999999999702e-02
6.309999999999999637e-03 -5.781580000000000052e-02
6.320000000000000097e-03 -5.781909999999999827e-02
6.329999999999999689e-03 -5.782220000000000415e-02
6.340000000000000149e-03 -5.782520000000000021e-02
6.349999999999999742e-03 -5.782800000000000440e-02
6.360000000000000202e-03 -5.783069999999999877e-02
6.369999999999999794e-03 -5.783320000000000127e-02
6.380000000000000254e-03 -5.783560000000000090e-02
6.389999999999999847e-03 -5.783769999999999883e-02
6.400000000000000307e-03 -5.783979999999999677e-02
6.409999999999999899e-03 -5.784159999999999996e-02
6.420000000000000359e-03 -5.784330000000000027e-02
6.429999999999999952e-03 -5.784490000000000465e-02
6.440000000000000412e-03 -5.784629999999999633e-02
6.450000000000000004e-03 -5.784749999999999615e-02
6.459999999999999597e-03 -5.784860000000000002e-02
6.470000000000000057e-03 -5.784949999999999815e-02
6.480000000000000517e-03 -5.785030000000000033e-02
6.490000000000000109e-03 -5.785090000000000371e-02
6.499999999999999702e-03 -5.785130000000000133e-02
6.510000000000000162e-03 -5.785159999999999608e-02
6.519999999999999754e-03 -5.785169999999999896e-02
6.530000000000000214e-03 -5.785169999999999896e-02
6.539999999999999807e-03 -5.785150000000000015e-02
6.549999999999999399e-03 -5.785119999999999846e-02
6.559999999999999859e-03 -5.785070000000000490e-02
6.570000000000000319e-03 -5.784999999999999865e-02
6.579999999999999911e-03 -5.784920000000000340e-02
6.589999999999999504e-03 -5.784830000000000527e-02
6.599999999999999964e-03 -5.784720000000000140e-02
6.610000000000000424e-03 -5.784599999999999465e-02
6.620000000000000016e-03 -5.784460000000000296e-02
6.629999999999999609e-03 -5.784300000000000552e-02
6.640000000000000069e-03 -5.784129999999999827e-02
6.650000000000000529e-03 -5.783950000000000202e-02
6.660000000000000121e-03 -5.783750000000000002e-02
6.669999999999999714e-03 -5.783540000000000209e-02
6.679999999999999306e-03 -5.783309999999999840e-02
6.690000000000000634e-03 -5.783069999999999877e-02
6.700000000000000226e-03 -5.782810000000000034e-02
6.709999999999999819e-03 -5.782539999999999902e-02
6.719999999999999411e-03 -5.782260000000000177e-02
6.730000000000000739e-03 -5.781959999999999877e-02
6.740000000000000331e-03 -5.781649999999999984e-02
6.749999999999999924e-03 -5.781320000000000209e-02
6.759999999999999516e-03 -5.780980000000000146e-02
6.769999999999999976e-03 -5.780629999999999796e-02
6.780000000000000436e-03 -5.780259999999999565e-02
6.790000000000000029e-03 -5.779879999999999740e-02
6.799999999999999621e-03 -5.779489999999999628e-02
6.809999999999999214e-03 -5.779079999999999634e-02
6.820000000000000541e-03 -5.778660000000000047e-02
6.830000000000000134e-03 -5.778230000000000172e-02
6.839999999999999726e-03 -5.777779999999999722e-02
6.849999999999999319e-03 -5.777320000000000372e-02
6.860000000000000646e-03 -5.776850000000000041e-02
6.870000000000000238e-03 -5.776370000000000116e-02
6.879999999999999831e-03 -5.775869999999999616e-02
6.889999999999999424e-03 -5.775360000000000216e-02
6.900000000000000751e-03 -5.774839999999999834e-02
6.910000000000000343e-03 -5.774309999999999859e-02
6.919999999999999936e-03 -5.773760000000000003e-02
6.929999999999999528e-03 -5.773199999999999860e-02
6.939999999999999988e-03 -5.772630000000000122e-02
6.950000000000000448e-03 -5.772050000000000097e-02
6.960000000000000041e-03 -5.771459999999999785e-02
6.969999999999999633e-03 -5.770850000000000285e-02
6.980000000000000093e-03 -5.770239999999999397e-02
6.990000000000000553e-03 -5.769610000000000016e-02
7.000000000000000146e-03 -5.768970000000000348e-02
7.009999999999999738e-03 -5.768319999999999698e-02
7.019999999999999331e-03 -5.767660000000000148e-02
7.030000000000000658e-03 -5.766989999999999617e-02
7.040000000000000251e-03 -5.766310000000000185e-02
7.049999999999999843e-03 -5.765610000000000179e-02
7.059999999999999436e-03 -5.764909999999999479e-02
7.069999999999999896e-03 -5.764190000000000286e-02
7.080000000000000356e-03 -5.763470000000000398e-02
7.089999999999999948e-03 -5.762729999999999936e-02
7.099999999999999541e-03 -5.761990000000000167e-02
7.110000000000000001e-03 -5.761229999999999823e-02
7.120000000000000460e-03 -5.760470000000000174e-02
7.130000000000000053e-03 -5.759689999999999949e-02
7.139999999999999646e-03 -5.758900000000000130e-02
7.150000000000000105e-03 -5.758109999999999618e-02
7.160000000000000565e-03 -5.757299999999999918e-02
7.170000000000000158e-03 -5.756490000000000218e-02
7.179999999999999750e-03 -5.755660000000000637e-02
7.190000000000000210e-03 -5.754829999999999668e-02
7.199999999999999803e-03 -5.753990000000000493e-02
7.210000000000000263e-03 -5.753130000000000049e-02
7.219999999999999855e-03 -5.752270000000000300e-02
7.230000000000000315e-03 -5.751400000000000262e-02
7.239999999999999908e-03 -5.750519999999999937e-02
7.250000000000000368e-03 -5.749640000000000306e-02
7.259999999999999960e-03 -5.748740000000000100e-02
7.269999999999999553e-03 -5.747829999999999606e-02
7.280000000000000013e-03 -5.746919999999999806e-02
7.289999999999999605e-03 -5.745989999999999431e-02
7.300000000000000065e-03 -5.745060000000000444e-02
7.309999999999999658e-03 -5.744120000000000476e-02
7.320000000000000118e-03 -5.743180000000000507e-02
7.329999999999999710e-03 -5.742219999999999963e-02
7.340000000000000170e-03 -5.741259999999999419e-02
7.349999999999999763e-03 -5.740279999999999688e-02
7.360000000000000223e-03 -5.739299999999999957e-02
7.369999999999999815e-03 -5.738309999999999939e-02
7.380000000000000275e-03 -5.737319999999999920e-02
7.389999999999999868e-03 -5.736319999999999614e-02
7.400000000000000328e-03 -5.735300000000000120e-02
7.409999999999999920e-03 -5.734290000000000220e-02
7.419999999999999513e-03 -5.733259999999999745e-02
7.429999999999999973e-03 -5.732229999999999964e-02
7.440000000000000432e-03 -5.731189999999999896e-02
7.450000000000000025e-03 -5.730140000000000233e-02
7.459999999999999618e-03 -5.729079999999999590e-02
7.470000000000000077e-03 -5.728020000000000334e-02
7.480000000000000537e-03 -5.726950000000000096e-02
7.490000000000000130e-03 -5.725879999999999859e-02
7.499999999999999722e-03 -5.724790000000000434e-02
7.510000000000000182e-03 -5.723700000000000315e-02
7.519999999999999775e-03 -5.722610000000000197e-02
7.530000000000000235e-03 -5.721500000000000197e-02
7.539999999999999827e-03 -5.720389999999999503e-02
7.549999999999999420e-03 -5.719279999999999503e-02
7.559999999999999880e-03 -5.718150000000000316e-02
7.570000000000000340e-03 -5.717020000000000435e-02
7.579999999999999932e-03 -5.715890000000000554e-02
7.589999999999999525e-03 -5.714740000000000097e-02
7.599999999999999985e-03 -5.713600000000000623e-02
7.610000000000000445e-03 -5.712439999999999879e-02
7.620000000000000037e-03 -5.711279999999999829e-02
7.629999999999999630e-03 -5.710110000000000186e-02
7.640000000000000090e-03 -5.708939999999999848e-02
7.650000000000000550e-03 -5.707759999999999917e-02
7.660000000000000142e-03 -5.706579999999999986e-02
7.669999999999999735e-03 -5.705389999999999767e-02
7.679999999999999327e-03 -5.704189999999999955e-02
7.690000000000000654e-03 -5.702989999999999449e-02
7.700000000000000247e-03 -5.701780000000000043e-02
7.709999999999999840e-03 -5.700569999999999943e-02
7.719999999999999432e-03 -5.699349999999999555e-02
7.730000000000000759e-03 -5.698120000000000268e-02
7.740000000000000352e-03 -5.696889999999999593e-02
7.749999999999999944e-03 -5.695660000000000306e-02
7.759999999999999537e-03 -5.694420000000000037e-02
7.769999999999999997e-03 -5.693170000000000175e-02
7.780000000000000457e-03 -5.691919999999999619e-02
7.790000000000000049e-03 -5.690659999999999469e-02
7.799999999999999642e-03 -5.689400000000000013e-02
7.809999999999999235e-03 -5.688130000000000269e-02
7.820000000000000562e-03 -5.686859999999999832e-02
7.830000000000000154e-03 -5.685580000000000495e-02
7.839999999999999747e-03 -5.684300000000000463e-02
7.849999999999999339e-03 -5.683010000000000145e-02
7.860000000000000667e-03 -5.681719999999999826e-02
7.870000000000000259e-03 -5.680419999999999914e-02
7.879999999999999852e-03 -5.679120000000000001e-02
7.889999999999999444e-03 -5.677820000000000089e-02
7.900000000000000772e-03 -5.676500000000000296e-02
7.910000000000000364e-03 -5.675190000000000096e-02
7.919999999999999957e-03 -5.673860000000000015e-02
7.929999999999999549e-03 -5.672540000000000221e-02
7.940000000000000877e-03 -5.671210000000000140e-02
7.950000000000000469e-03 -5.669870000000000465e-02
7.960000000000000062e-03 -5.668530000000000096e-02
7.969999999999999654e-03 -5.667190000000000422e-02
7.980000000000000981e-03 -5.665839999999999765e-02
7.990000000000000574e-03 -5.664479999999999515e-02
8.000000000000000167e-03 -5.663119999999999959e-02
8.009999999999999759e-03 -5.661760000000000403e-02
8.019999999999999352e-03 -5.660390000000000560e-02
8.029999999999998944e-03 -5.659020000000000022e-02
8.039999999999998537e-03 -5.657639999999999891e-02
8.049999999999999864e-03 -5.656260000000000454e-02
8.060000000000001191e-03 -5.654869999999999342e-02
8.070000000000000784e-03 -5.653479999999999617e-02
8.080000000000000376e-03 -5.652089999999999892e-02
8.089999999999999969e-03 -5.650689999999999880e-02
8.099999999999999561e-03 -5.649289999999999867e-02
8.109999999999999154e-03 -5.647880000000000261e-02
8.119999999999998747e-03 -5.646469999999999961e-02
8.130000000000000074e-03 -5.645050000000000068e-02
8.140000000000001401e-03 -5.643630000000000174e-02
8.150000000000000994e-03 -5.642210000000000281e-02
8.160000000000000586e-03 -5.640780000000000100e-02
8.170000000000000179e-03 -5.639339999999999631e-02
8.179999999999999771e-03 -5.637899999999999856e-02
8.189999999999999364e-03 -5.636460000000000081e-02
8.199999999999998956e-03 -5.635020000000000306e-02
8.210000000000000284e-03 -5.633559999999999957e-02
8.219999999999999876e-03 -5.632109999999999894e-02
8.230000000000001203e-03 -5.630650000000000238e-02
8.240000000000000796e-03 -5.629189999999999888e-02
8.250000000000000389e-03 -5.627719999999999945e-02
8.259999999999999981e-03 -5.626250000000000001e-02
8.269999999999999574e-03 -5.624770000000000464e-02
8.279999999999999166e-03 -5.623290000000000233e-02
8.289999999999998759e-03 -5.621800000000000408e-02
8.300000000000000086e-03 -5.620309999999999889e-02
8.309999999999999679e-03 -5.618820000000000064e-02
8.320000000000001006e-03 -5.617319999999999952e-02
8.330000000000000598e-03 -5.615819999999999840e-02
8.340000000000000191e-03 -5.614309999999999440e-02
8.349999999999999784e-03 -5.612799999999999734e-02
8.359999999999999376e-03 -5.611279999999999740e-02
8.369999999999998969e-03 -5.609759999999999747e-02
8.380000000000000296e-03 -5.608239999999999753e-02
8.389999999999999888e-03 -5.606710000000000166e-02
8.400000000000001216e-03 -5.605179999999999885e-02
8.410000000000000808e-03 -5.603640000000000010e-02
8.420000000000000401e-03 -5.602100000000000135e-02
8.429999999999999993e-03 -5.600549999999999973e-02
8.439999999999999586e-03 -5.599000000000000504e-02
8.449999999999999178e-03 -5.597440000000000054e-02
8.460000000000000506e-03 -5.595879999999999604e-02
8.470000000000000098e-03 -5.594310000000000255e-02
8.479999999999999691e-03 -5.592740000000000211e-02
8.490000000000001018e-03 -5.591170000000000168e-02
8.500000000000000611e-03 -5.589589999999999836e-02
8.510000000000000203e-03 -5.587999999999999912e-02
8.519999999999999796e-03 -5.586409999999999987e-02
8.529999999999999388e-03 -5.584820000000000062e-02
8.539999999999998981e-03 -5.583219999999999850e-02
8.550000000000000308e-03 -5.581610000000000044e-02
8.559999999999999901e-03 -5.579999999999999544e-02
8.569999999999999493e-03 -5.578390000000000432e-02
8.580000000000000820e-03 -5.576769999999999644e-02
8.590000000000000413e-03 -5.575139999999999957e-02
8.600000000000000006e-03 -5.573510000000000270e-02
8.609999999999999598e-03 -5.571869999999999601e-02
8.619999999999999191e-03 -5.570230000000000320e-02
8.630000000000000518e-03 -5.568580000000000058e-02
8.640000000000000110e-03 -5.566929999999999795e-02
8.649999999999999703e-03 -5.565270000000000633e-02
8.659999999999999296e-03 -5.563600000000000489e-02
8.670000000000000623e-03 -5.561930000000000346e-02
8.680000000000000215e-03 -5.560260000000000202e-02
8.689999999999999808e-03 -5.558570000000000177e-02
8.699999999999999400e-03 -5.556880000000000153e-02
8.710000000000000728e-03 -5.555190000000000128e-02
8.720000000000000320e-03 -5.553479999999999528e-02
8.729999999999999913e-03 -5.551769999999999622e-02
8.739999999999999505e-03 -5.550059999999999716e-02
8.750000000000000833e-03 -5.548340000000000216e-02
8.760000000000000425e-03 -5.546609999999999735e-02
8.770000000000000018e-03 -5.544870000000000354e-02
8.779999999999999610e-03 -5.543119999999999992e-02
8.789999999999999203e-03 -5.541369999999999629e-02
8.800000000000000530e-03 -5.539609999999999673e-02
8.810000000000000123e-03 -5.537850000000000411e-02
8.819999999999999715e-03 -5.536069999999999880e-02
8.829999999999999308e-03 -5.534290000000000043e-02
8.840000000000000635e-03 -5.532500000000000612e-02
8.850000000000000228e-03 -5.530700000000000199e-02
8.859999999999999820e-03 -5.528889999999999499e-02
8.869999999999999413e-03 -5.527069999999999900e-02
8.880000000000000740e-03 -5.525249999999999606e-02
8.890000000000000333e-03 -5.523410000000000125e-02
8.899999999999999925e-03 -5.521569999999999950e-02
8.909999999999999518e-03 -5.519709999999999894e-02
8.919999999999999110e-03 -5.517840000000000245e-02
8.930000000000000437e-03 -5.515969999999999901e-02
8.940000000000000030e-03 -5.514079999999999676e-02
8.949999999999999623e-03 -5.512179999999999858e-02
8.960000000000000950e-03 -5.510280000000000039e-02
8.970000000000000542e-03 -5.508359999999999645e-02
8.980000000000000135e-03 -5.506420000000000065e-02
8.989999999999999727e-03 -5.504480000000000484e-02
8.999999999999999320e-03 -5.502519999999999634e-02
9.010000000000000647e-03 -5.500549999999999884e-02
9.020000000000000240e-03 -5.498559999999999559e-02
9.029999999999999832e-03 -5.496569999999999928e-02
9.039999999999999425e-03 -5.494550000000000128e-02
9.050000000000000752e-03 -5.492519999999999347e-02
9.060000000000000345e-03 -5.490480000000000360e-02
9.069999999999999937e-03 -5.488420000000000104e-02
9.079999999999999530e-03 -5.486339999999999967e-02
9.089999999999999122e-03 -5.484250000000000236e-02
9.100000000000000450e-03 -5.482130000000000336e-02
9.110000000000000042e-03 -5.479999999999999455e-02
9.119999999999999635e-03 -5.477850000000000080e-02
9.130000000000000962e-03 -5.475680000000000131e-02
9.140000000000000555e-03 -5.473480000000000012e-02
9.150000000000000147e-03 -5.471260000000000012e-02
9.159999999999999740e-03 -5.469019999999999437e-02
9.169999999999999332e-03 -5.466759999999999675e-02
9.179999999999998925e-03 -5.464469999999999744e-02
9.190000000000000252e-03 -5.462149999999999644e-02
9.199999999999999845e-03 -5.459800000000000070e-02
9.210000000000001172e-03 -5.457429999999999920e-02
9.220000000000000764e-03 -5.455020000000000008e-02
9.230000000000000357e-03 -5.452570000000000333e-02
9.239999999999999949e-03 -5.450100000000000083e-02
9.249999999999999542e-03 -5.447579999999999784e-02
9.259999999999999135e-03 -5.445030000000000009e-02
9.269999999999998727e-03 -5.442430000000000184e-02
9.280000000000000054e-03 -5.439789999999999903e-02
9.289999999999999647e-03 -5.437100000000000266e-02
9.300000000000000974e-03 -5.434359999999999885e-02
9.310000000000000567e-03 -5.431570000000000148e-02
9.320000000000000159e-03 -5.428710000000000480e-02
9.329999999999999752e-03 -5.425789999999999780e-02
9.339999999999999344e-03 -5.422809999999999436e-02
9.349999999999998937e-03 -5.419749999999999568e-02
9.360000000000000264e-03 -5.416599999999999887e-02
9.369999999999999857e-03 -5.413369999999999987e-02
9.380000000000001184e-03 -5.410039999999999988e-02
9.390000000000000777e-03 -5.406609999999999888e-02
9.400000000000000369e-03 -5.403050000000000214e-02
9.409999999999999962e-03 -5.399369999999999864e-02
9.419999999999999554e-03 -5.395529999999999771e-02
9.429999999999999147e-03 -5.391529999999999934e-02
9.439999999999998739e-03 -5.387339999999999490e-02
9.450000000000000067e-03 -5.382939999999999947e-02
9.460000000000001394e-03 -5.378289999999999460e-02
9.470000000000000986e-03 -5.373349999999999654e-02
9.480000000000000579e-03 -5.368070000000000480e-02
9.490000000000000172e-03 -5.362390000000000212e-02
9.499999999999999764e-03 -5.356219999999999731e-02
9.509999999999999357e-03 -5.349479999999999513e-02
9.519999999999998949e-03 -5.342029999999999695e-02
9.529999999999998542e-03 -5.333709999999999840e-02
9.539999999999999869e-03 -5.324340000000000322e-02
9.550000000000001196e-03 -5.313669999999999505e-02
9.560000000000000789e-03 -5.301449999999999912e-02
9.570000000000000381e-03 -5.287390000000000145e-02
9.579999999999999974e-03 -5.271119999999999972e-02
9.589999999999999566e-03 -5.252170000000000449e-02
9.599999999999999159e-03 -5.229820000000000302e-02
9.609999999999998752e-03 -5.203119999999999967e-02
9.620000000000000079e-03 -5.170960000000000140e-02
9.630000000000001406e-03 -5.132300000000000056e-02
9.640000000000000999e-03 -5.086469999999999880e-02
9.650000000000000591e-03 -5.033309999999999867e-02
9.660000000000000184e-03 -4.973140000000000199e-02
9.669999999999999776e-03 -4.906719999999999832e-02
9.679999999999999369e-03 -4.835060000000000052e-02
9.689999999999998961e-03 -4.759189999999999948e-02
9.699999999999998554e-03 -4.679999999999999438e-02
9.710000000000001616e-03 -4.598200000000000204e-02
9.720000000000001208e-03 -4.514249999999999513e-02
9.730000000000000801e-03 -4.428429999999999866e-02
9.740000000000000394e-03 -4.340839999999999976e-02
9.749999999999999986e-03 -4.251499999999999724e-02
9.759999999999999579e-03 -4.160329999999999584e-02
9.769999999999999171e-03 -4.067190000000000388e-02
9.779999999999998764e-03 -3.971829999999999805e-02
9.789999999999998356e-03 -3.873980000000000479e-02
9.800000000000001418e-03 -3.773270000000000096e-02
9.810000000000001011e-03 -3.669240000000000002e-02
9.820000000000000603e-03 -3.561430000000000151e-02
9.830000000000000196e-03 -3.449359999999999926e-02
9.839999999999999789e-03 -3.332580000000000264e-02
9.849999999999999381e-03 -3.210690000000000072e-02
9.859999999999998974e-03 -3.083439999999999792e-02
9.869999999999998566e-03 -2.950700000000000198e-02
9.880000000000001628e-03 -2.812559999999999713e-02
9.890000000000001221e-03 -2.669380000000000017e-02
9.900000000000000813e-03 -2.521690000000000043e-02
9.910000000000000406e-03 -2.367870000000000044e-02
9.919999999999999998e-03 -2.205130000000000284e-02
9.929999999999999591e-03 -2.030399999999999913e-02
9.939999999999999183e-03 -1.839969999999999800e-02
9.949999999999998776e-03 -1.629699999999999899e-02
9.960000000000000103e-03 -1.395099999999999986e-02
9.970000000000001431e-03 -1.131829999999999989e-02
9.980000000000001023e-03 -8.368350000000000094e-03
9.990000000000000616e-03 -5.100969999999999810e-03
1.000000000000000021e-02 -1.567129999999999912e-03
